   0.582916E-06   3   3
   0.536483E-06   4   3
   0.444357E-06   5   3
   0.308870E-06   6   3
   0.135588E-06   7   3
  -0.653817E-07   8   3
  -0.277964E-06   9   3
  -0.481170E-06  10   3
  -0.650851E-06  11   3
  -0.764968E-06  12   3
  -0.807188E-06  13   3
  -0.772627E-06  14   3
  -0.666862E-06  15   3
  -0.506895E-06  16   3
  -0.315595E-06  17   3
  -0.117990E-06  18   3
   0.638804E-07  19   3
   0.212785E-06  20   3
   0.317366E-06  21   3
   0.371065E-06  22   3
   0.484425E-06   3   4
   0.449290E-06   4   4
   0.380279E-06   5   4
   0.280341E-06   6   4
   0.154479E-06   7   4
   0.111611E-07   8   4
  -0.138830E-06   9   4
  -0.280141E-06  10   4
  -0.398510E-06  11   4
  -0.477487E-06  12   4
  -0.509439E-06  13   4
  -0.486750E-06  14   4
  -0.417672E-06  15   4
  -0.310316E-06  16   4
  -0.181799E-06  17   4
  -0.470775E-07  18   4
   0.778619E-07  19   4
   0.181534E-06  20   4
   0.254996E-06  21   4
   0.293031E-06  22   4
   0.385009E-06   3   5
   0.358207E-06   4   5
   0.305977E-06   5   5
   0.230607E-06   6   5
   0.136780E-06   7   5
   0.288154E-07   8   5
  -0.830446E-07   9   5
  -0.192798E-06  10   5
  -0.281904E-06  11   5
  -0.347444E-06  12   5
  -0.367565E-06  13   5
  -0.357641E-06  14   5
  -0.302764E-06  15   5
  -0.225250E-06  16   5
  -0.128519E-06  17   5
  -0.315558E-07  18   5
   0.592414E-07  19   5
   0.133336E-06  20   5
   0.186211E-06  21   5
   0.213488E-06  22   5
   0.303728E-06   3   6
   0.284125E-06   4   6
   0.245863E-06   5   6
   0.191880E-06   6   6
   0.122320E-06   7   6
   0.448447E-07   8   6
  -0.470902E-07   9   6
  -0.129352E-06  10   6
  -0.219854E-06  11   6
  -0.265064E-06  12   6
  -0.313637E-06  13   6
  -0.275564E-06  14   6
  -0.241212E-06  15   6
  -0.162261E-06  16   6
  -0.925901E-07  17   6
  -0.145725E-07  18   6
   0.475145E-07  19   6
   0.100084E-06  20   6
   0.135655E-06  21   6
   0.154471E-06  22   6
   0.241351E-06   3   7
   0.227017E-06   4   7
   0.199768E-06   5   7
   0.159896E-06   6   7
   0.115433E-06   7   7
   0.469920E-07   8   7
  -0.945179E-08   9   7
  -0.126642E-06  10   7
  -0.171565E-06  11   7
  -0.300038E-06  12   7
  -0.215355E-06  13   7
  -0.310472E-06  14   7
  -0.192722E-06  15   7
  -0.158989E-06  16   7
  -0.536872E-07  17   7
  -0.992538E-08  18   7
   0.448926E-07  19   7
   0.749724E-07  20   7
   0.998640E-07  21   7
   0.112152E-06  22   7
   0.192823E-06   3   8
   0.182413E-06   4   8
   0.161673E-06   5   8
   0.135034E-06   6   8
   0.928307E-07   7   8
   0.835047E-07   8   8
  -0.526762E-07   9   8
  -0.319970E-07  10   8
  -0.359257E-06  11   8
  -0.224149E-06  12   8
  -0.823823E-06  13   8
  -0.234249E-06  14   8
  -0.379666E-06  15   8
  -0.629852E-07  16   8
  -0.946473E-07  17   8
   0.300622E-07  18   8
   0.275340E-07  19   8
   0.576102E-07  20   8
   0.721492E-07  21   8
   0.812758E-07  22   8
   0.154586E-06   3   9
   0.146040E-06   4   9
   0.130188E-06   5   9
   0.102285E-06   6   9
   0.848335E-07   7   9
  -0.830890E-08   8   9
   0.194638E-06   9   9
  -0.514382E-06  10   9
   0.710622E-07  11   9
  -0.123161E-05  12   9
   0.130973E-05  13   9
  -0.124120E-05  14   9
   0.517730E-07  15   9
  -0.543526E-06  16   9
   0.155476E-06  17   9
  -0.576763E-07  18   9
   0.251931E-07  19   9
   0.324671E-07  20   9
   0.504864E-07  21   9
   0.571483E-07  22   9
   0.123999E-06   3  10
   0.116641E-06   4  10
   0.992263E-07   5  10
   0.772639E-07   6  10
   0.131717E-07   7  10
   0.521796E-07   8  10
  -0.476498E-06   9  10
   0.118363E-05  10  10
  -0.406926E-05  11  10
  -0.800888E-06  12  10
  -0.136759E-04  13  10
  -0.809832E-06  14  10
  -0.408722E-05  15  10
   0.115665E-05  16  10
  -0.512535E-06  17  10
   0.712194E-08  18  10
  -0.407734E-07  19  10
   0.147511E-07  20  10
   0.285308E-07  21  10
   0.381559E-07  22  10
   0.998868E-07   3  11
   0.918472E-07   4  11
   0.756618E-07   5  11
   0.341688E-07   6  11
   0.555884E-08   7  11
  -0.242888E-06   8  11
   0.139060E-06   9  11
  -0.403965E-05  10  11
   0.603355E-05  11  11
  -0.334901E-04  12  11
   0.148029E-04  13  11
  -0.334984E-04  14  11
   0.601705E-05  15  11
  -0.406436E-05  16  11
   0.106243E-06  17  11
  -0.283642E-06  18  11
  -0.428274E-07  19  11
  -0.215124E-07  20  11
   0.130204E-07  21  11
   0.224902E-07  22  11
   0.812417E-07   3  12
   0.736071E-07   4  12
   0.525463E-07   5  12
   0.199029E-07   6  12
  -0.980530E-07   7  12
  -0.857331E-07   8  12
  -0.114243E-05   9  12
  -0.749997E-06  10  12
  -0.334685E-04  11  12
   0.201540E-04  12  12
  -0.240969E-03  13  12
   0.201465E-04  14  12
  -0.334836E-04  15  12
  -0.772425E-06  16  12
  -0.117208E-05  17  12
  -0.122332E-06  18  12
  -0.141262E-06  19  12
  -0.294753E-07  20  12
  -0.270384E-08  21  12
   0.121951E-07  22  12
   0.680624E-07   3  13
   0.594295E-07   4  13
   0.450418E-07   5  13
  -0.186194E-07   6  13
  -0.380409E-08   7  13
  -0.675190E-06   8  13
   0.141041E-05   9  13
  -0.136120E-04  10  13
   0.148386E-04  11  13
  -0.240954E-03  12  13
   0.716439E-02  13  13
  -0.240961E-03  14  13
   0.148250E-04  15  13
  -0.136323E-04  16  13
   0.138378E-05  17  13
  -0.707892E-06  18  13
  -0.421756E-07  19  13
  -0.621644E-07  20  13
  -0.352824E-08  21  13
   0.583562E-08  22  13
   0.590781E-07   3  14
   0.530941E-07   4  14
   0.351897E-07   5  14
   0.695682E-08   6  14
  -0.105704E-06   7  14
  -0.876374E-07   8  14
  -0.113863E-05   9  14
  -0.741011E-06  10  14
  -0.334553E-04  11  14
   0.201702E-04  12  14
  -0.240951E-03  13  14
   0.201640E-04  14  14
  -0.334676E-04  15  14
  -0.759211E-06  16  14
  -0.116250E-05  17  14
  -0.116771E-06  18  14
  -0.139640E-06  19  14
  -0.313057E-07  20  14
  -0.706540E-08  21  14
   0.650009E-08  22  14
   0.539709E-07   3  15
   0.493800E-07   4  15
   0.397698E-07   5  15
   0.749285E-08   6  15
  -0.100610E-07   7  15
  -0.246502E-06   8  15
   0.147360E-06   9  15
  -0.402051E-05  10  15
   0.606153E-05  11  15
  -0.334560E-04  12  15
   0.148400E-04  13  15
  -0.334616E-04  14  15
   0.605048E-05  15  15
  -0.403685E-05  16  15
   0.126051E-06  17  15
  -0.272403E-06  18  15
  -0.400103E-07  19  15
  -0.259900E-07  20  15
   0.321512E-08  21  15
   0.982885E-08  22  15
   0.510975E-07   3  16
   0.492627E-07   4  16
   0.424045E-07   5  16
   0.352728E-07   6  16
  -0.110597E-07   7  16
   0.472848E-07   8  16
  -0.462173E-06   9  16
   0.121541E-05  10  16
  -0.402325E-05  11  16
  -0.745056E-06  12  16
  -0.136154E-04  13  16
  -0.750096E-06  14  16
  -0.403322E-05  15  16
   0.120074E-05  16  16
  -0.481256E-06  17  16
   0.242339E-07  18  16
  -0.375405E-07  19  16
   0.598106E-08  20  16
   0.109477E-07  21  16
   0.159188E-07  22  16
   0.495051E-07   3  17
   0.490133E-07   4  17
   0.486206E-07   5  17
   0.423964E-07   6  17
   0.510496E-07   7  17
  -0.136947E-07   8  17
   0.217496E-06   9  17
  -0.465839E-06  10  17
   0.140474E-06  11  17
  -0.114792E-05  12  17
   0.139996E-05  13  17
  -0.115247E-05  14  17
   0.131451E-06  15  17
  -0.479100E-06  16  17
   0.200323E-06  17  17
  -0.343374E-07  18  17
   0.275124E-07  19  17
   0.166455E-07  20  17
   0.213966E-07  21  17
   0.210098E-07  22  17
   0.480027E-07   3  18
   0.488657E-07   4  18
   0.497811E-07   5  18
   0.535442E-07   6  18
   0.480794E-07   7  18
   0.787942E-07   8  18
  -0.174487E-07   9  18
   0.395367E-07  10  18
  -0.258278E-06  11  18
  -0.103188E-06  12  18
  -0.694069E-06  13  18
  -0.107368E-06  14  18
  -0.266490E-06  15  18
   0.274594E-07  16  18
  -0.330225E-07  17  18
   0.601350E-07  18  18
   0.269555E-07  19  18
   0.306277E-07  20  18
   0.258933E-07  21  18
   0.248276E-07  22  18
   0.464082E-07   3  19
   0.474584E-07   4  19
   0.498677E-07   5  19
   0.517581E-07   6  19
   0.579100E-07   7  19
   0.448669E-07   8  19
   0.438553E-07   9  19
  -0.228150E-07  10  19
  -0.268381E-07  11  19
  -0.127816E-06  12  19
  -0.315196E-07  13  19
  -0.131679E-06  14  19
  -0.344322E-07  15  19
  -0.339512E-07  16  19
   0.295034E-07  17  19
   0.277939E-07  18  19
   0.386203E-07  19  19
   0.309839E-07  20  19
   0.283886E-07  21  19
   0.262201E-07  22  19
   0.446629E-07   3  20
   0.457333E-07   4  20
   0.474790E-07   5  20
   0.500211E-07   6  20
   0.494852E-07   7  20
   0.478877E-07   8  20
   0.323790E-07   9  20
   0.199564E-07  10  20
  -0.139333E-07  11  20
  -0.213858E-07  12  20
  -0.546899E-07  13  20
  -0.250049E-07  14  20
  -0.210699E-07  15  20
   0.951968E-08  16  20
   0.189359E-07  17  20
   0.319422E-07  18  20
   0.315375E-07  19  20
   0.307866E-07  20  20
   0.276263E-07  21  20
   0.261338E-07  22  20
   0.432020E-07   3  21
   0.439572E-07   4  21
   0.453222E-07   5  21
   0.462940E-07   6  21
   0.463324E-07   7  21
   0.426396E-07   8  21
   0.365821E-07   9  21
   0.242434E-07  10  21
   0.142843E-07  11  21
   0.128726E-08  12  21
   0.144590E-08  13  21
  -0.216132E-08  14  21
   0.747720E-08  15  21
   0.142938E-07  16  21
   0.238003E-07  17  21
   0.274651E-07  18  21
   0.292655E-07  19  21
   0.279738E-07  20  21
   0.264708E-07  21  21
   0.252532E-07  22  21
   0.423275E-07   3  22
   0.429451E-07   4  22
   0.438635E-07   5  22
   0.444995E-07   6  22
   0.438757E-07   7  22
   0.413210E-07   8  22
   0.359435E-07   9  22
   0.288402E-07  10  22
   0.203441E-07  11  22
   0.139687E-07  12  22
   0.942068E-08  13  22
   0.106062E-07  14  22
   0.136611E-07  15  22
   0.191109E-07  16  22
   0.234374E-07  17  22
   0.264899E-07  18  22
   0.272168E-07  19  22
   0.266388E-07  20  22
   0.254335E-07  21  22
   0.246155E-07  22  22
   0.115914E-05   3   3
   0.106678E-05   4   3
   0.883684E-06   5   3
   0.614409E-06   6   3
   0.270057E-06   7   3
  -0.129189E-06   8   3
  -0.551461E-06   9   3
  -0.954987E-06  10   3
  -0.129199E-05  11   3
  -0.151868E-05  12   3
  -0.160275E-05  13   3
  -0.153397E-05  14   3
  -0.132396E-05  15   3
  -0.100632E-05  16   3
  -0.626524E-06  17   3
  -0.234055E-06  18   3
   0.127145E-06  19   3
   0.422971E-06  20   3
   0.630745E-06  21   3
   0.737429E-06  22   3
   0.967749E-06   3   4
   0.897300E-06   4   4
   0.758829E-06   5   4
   0.558248E-06   6   4
   0.305717E-06   7   4
   0.178700E-07   8   4
  -0.283099E-06   9   4
  -0.567262E-06  10   4
  -0.804649E-06  11   4
  -0.963255E-06  12   4
  -0.102623E-05  13   4
  -0.981828E-06  14   4
  -0.842945E-06  15   4
  -0.627635E-06  16   4
  -0.369097E-06  17   4
  -0.986775E-07  18   4
   0.152371E-06  19   4
   0.360486E-06  20   4
   0.507999E-06  21   4
   0.584327E-06  22   4
   0.769166E-06   3   5
   0.715491E-06   4   5
   0.610863E-06   5   5
   0.460040E-06   6   5
   0.271811E-06   7   5
   0.559202E-07   8   5
  -0.169082E-06   9   5
  -0.387888E-06  10   5
  -0.568253E-06  11   5
  -0.699381E-06  12   5
  -0.744535E-06  13   5
  -0.719737E-06  14   5
  -0.609946E-06  15   5
  -0.452773E-06  16   5
  -0.260007E-06  17   5
  -0.647749E-07  18   5
   0.116755E-06  19   5
   0.265491E-06  20   5
   0.371341E-06  21   5
   0.426039E-06  22   5
   0.606948E-06   3   6
   0.567566E-06   4   6
   0.490901E-06   5   6
   0.382142E-06   6   6
   0.243214E-06   7   6
   0.858444E-07   8   6
  -0.960619E-07   9   6
  -0.266378E-06  10   6
  -0.442199E-06  11   6
  -0.535901E-06  12   6
  -0.614160E-06  13   6
  -0.556921E-06  14   6
  -0.484918E-06  15   6
  -0.332243E-06  16   6
  -0.187071E-06  17   6
  -0.329882E-07  18   6
   0.935588E-07  19   6
   0.198522E-06  20   6
   0.270364E-06  21   6
   0.308107E-06  22   6
   0.482163E-06   3   7
   0.453381E-06   4   7
   0.398346E-06   5   7
   0.318739E-06   6   7
   0.226763E-06   7   7
   0.940282E-07   8   7
  -0.306757E-07   9   7
  -0.249126E-06  10   7
  -0.364324E-06  11   7
  -0.610334E-06  12   7
  -0.519934E-06  13   7
  -0.631185E-06  14   7
  -0.406619E-06  15   7
  -0.313816E-06  16   7
  -0.119139E-06  17   7
  -0.198448E-07  18   7
   0.856388E-07  19   7
   0.148803E-06  20   7
   0.198447E-06  21   7
   0.223414E-06  22   7
   0.385081E-06   3   8
   0.363926E-06   4   8
   0.322335E-06   5   8
   0.266867E-06   6   8
   0.185862E-06   7   8
   0.150660E-06   8   8
  -0.892228E-07   9   8
  -0.114654E-06  10   8
  -0.684475E-06  11   8
  -0.465454E-06  12   8
  -0.134071E-05  13   8
  -0.485673E-06  14   8
  -0.725275E-06  15   8
  -0.176635E-06  16   8
  -0.173170E-06  17   8
   0.438047E-07  18   8
   0.552486E-07  19   8
   0.111959E-06  20   8
   0.143152E-06  21   8
   0.161384E-06  22   8
   0.308425E-06   3   9
   0.291188E-06   4   9
   0.258196E-06   5   9
   0.203575E-06   6   9
   0.158275E-06   7   9
  -0.320247E-09   8   9
   0.306568E-06   9   9
  -0.905383E-06  10   9
  -0.876672E-07  11   9
  -0.253857E-05  12   9
   0.120256E-05  13   9
  -0.255777E-05  14   9
  -0.126253E-06  15   9
  -0.963655E-06  16   9
   0.228249E-06  17   9
  -0.990845E-07  18   9
   0.389286E-07  19   9
   0.638510E-07  20   9
   0.986128E-07  21   9
   0.113011E-06  22   9
   0.247146E-06   3  10
   0.231819E-06   4  10
   0.197052E-06   5  10
   0.147996E-06   6  10
   0.309575E-07   7  10
   0.539881E-07   8  10
  -0.829520E-06   9  10
   0.191255E-05  10  10
  -0.758481E-05  11  10
  -0.224121E-05  12  10
  -0.229015E-04  13  10
  -0.225912E-05  14  10
  -0.762072E-05  15  10
   0.185856E-05  16  10
  -0.901584E-06  17  10
  -0.361323E-07  18  10
  -0.769813E-07  19  10
   0.228273E-07  20  10
   0.553746E-07  21  10
   0.744241E-07  22  10
   0.198713E-06   3  11
   0.182374E-06   4  11
   0.147834E-06   5  11
   0.671751E-07   6  11
  -0.952894E-08   7  11
  -0.451342E-06   8  11
   0.484766E-07   9  11
  -0.752554E-05  10  11
   0.100314E-04  11  11
  -0.658833E-04  12  11
   0.104576E-04  13  11
  -0.658998E-04  14  11
   0.999835E-05  15  11
  -0.757494E-05  16  11
  -0.171360E-07  17  11
  -0.532886E-06  18  11
  -0.106381E-06  19  11
  -0.443199E-07  20  11
   0.222833E-07  21  11
   0.430878E-07  22  11
   0.161260E-06   3  12
   0.145737E-06   4  12
   0.101557E-06   5  12
   0.354413E-07   6  12
  -0.205712E-06   7  12
  -0.188197E-06   8  12
  -0.236000E-05   9  12
  -0.213931E-05  10  12
  -0.658401E-04  11  12
   0.425071E-04  12  12
  -0.318858E-03  13  12
   0.424919E-04  14  12
  -0.658702E-04  15  12
  -0.218417E-05  16  12
  -0.241933E-05  17  12
  -0.261435E-06  18  12
  -0.292188E-06  19  12
  -0.634811E-07  20  12
  -0.919913E-08  21  12
   0.222358E-07  22  12
   0.134642E-06   3  13
   0.118518E-06   4  13
   0.816876E-07   5  13
  -0.226522E-07   6  13
  -0.961977E-07   7  13
  -0.104299E-05   8  13
   0.140416E-05   9  13
  -0.227737E-04  10  13
   0.105291E-04  11  13
  -0.318828E-03  12  13
   0.137699E-01  13  13
  -0.318842E-03  14  13
   0.105019E-04  15  13
  -0.228142E-04  16  13
   0.135090E-05  17  13
  -0.110845E-05  18  13
  -0.172987E-06  19  13
  -0.109944E-06  20  13
  -0.156510E-07  21  13
   0.103020E-07  22  13
   0.116951E-06   3  14
   0.104754E-06   4  14
   0.668921E-07   5  14
   0.957766E-08   6  14
  -0.221014E-06   7  14
  -0.191991E-06   8  14
  -0.235237E-05   9  14
  -0.212128E-05  10  14
  -0.658136E-04  11  14
   0.425395E-04  12  14
  -0.318822E-03  13  14
   0.425271E-04  14  14
  -0.658382E-04  15  14
  -0.215770E-05  16  14
  -0.240013E-05  17  14
  -0.250289E-06  18  14
  -0.288936E-06  19  14
  -0.671055E-07  20  14
  -0.178922E-07  21  14
   0.108537E-07  22  14
   0.106942E-06   3  15
   0.974947E-07   4  15
   0.760853E-07   5  15
   0.138693E-07   6  15
  -0.406740E-07   7  15
  -0.458521E-06   8  15
   0.651680E-07   9  15
  -0.748716E-05  10  15
   0.100874E-04  11  15
  -0.658149E-04  12  15
   0.105319E-04  13  15
  -0.658261E-04  14  15
   0.100653E-04  15  15
  -0.751984E-05  16  15
   0.225294E-07  17  15
  -0.510331E-06  18  15
  -0.100667E-06  19  15
  -0.532022E-07  20  15
   0.272097E-08  21  15
   0.177876E-07  22  15
   0.101431E-06   3  16
   0.971315E-07   4  16
   0.834984E-07   5  16
   0.640907E-07   6  16
  -0.173858E-07   7  16
   0.443178E-07   8  16
  -0.800706E-06   9  16
   0.197626E-05  10  16
  -0.749265E-05  11  16
  -0.212939E-05  12  16
  -0.227804E-04  13  16
  -0.213944E-05  14  16
  -0.751258E-05  15  16
   0.194689E-05  16  16
  -0.838893E-06  17  16
  -0.179913E-08  18  16
  -0.703999E-07  19  16
   0.539453E-08  20  16
   0.203252E-07  21  16
   0.300584E-07  22  16
   0.983836E-07   3  17
   0.972329E-07   4  17
   0.951761E-07   5  17
   0.839808E-07   6  17
   0.908442E-07   7  17
  -0.109013E-07   8  17
   0.352496E-06   9  17
  -0.808070E-06  10  17
   0.514119E-07  11  17
  -0.237095E-05  12  17
   0.138329E-05  13  17
  -0.238007E-05  14  17
   0.333606E-07  15  17
  -0.834578E-06  16  17
   0.318154E-06  17  17
  -0.522022E-07  18  17
   0.437701E-07  19  17
   0.323900E-07  20  17
   0.405512E-07  21  17
   0.408878E-07  22  17
   0.956307E-07   3  18
   0.970472E-07   4  18
   0.987583E-07   5  18
   0.104180E-06   6  18
   0.966505E-07   7  18
   0.141562E-06   8  18
  -0.184170E-07   9  18
   0.288004E-07  10  18
  -0.482077E-06  11  18
  -0.223114E-06  12  18
  -0.108076E-05  13  18
  -0.231446E-06  14  18
  -0.498512E-06  15  18
   0.465225E-08  16  18
  -0.495694E-07  17  18
   0.104282E-06  18  18
   0.544026E-07  19  18
   0.582574E-07  20  18
   0.508839E-07  21  18
   0.487293E-07  22  18
   0.925658E-07   3  19
   0.945655E-07   4  19
   0.988709E-07   5  19
   0.102808E-06   6  19
   0.112118E-06   7  19
   0.901999E-07   8  19
   0.764538E-07   9  19
  -0.409517E-07  10  19
  -0.743026E-07  11  19
  -0.265271E-06  12  19
  -0.151678E-06  13  19
  -0.272993E-06  14  19
  -0.895061E-07  15  19
  -0.632033E-07  16  19
   0.477638E-07  17  19
   0.560314E-07  18  19
   0.735162E-07  19  19
   0.611978E-07  20  19
   0.558513E-07  21  19
   0.519098E-07  22  19
   0.892015E-07   3  20
   0.912075E-07   4  20
   0.946128E-07   5  20
   0.990515E-07   6  20
   0.982105E-07   7  20
   0.928143E-07   8  20
   0.638268E-07   9  20
   0.333509E-07  10  20
  -0.291092E-07  11  20
  -0.472437E-07  12  20
  -0.949351E-07  13  20
  -0.544739E-07  14  20
  -0.433853E-07  15  20
   0.124849E-07  16  20
   0.369973E-07  17  20
   0.609072E-07  18  20
   0.623379E-07  19  20
   0.605467E-07  20  20
   0.548523E-07  21  20
   0.519047E-07  22  20
   0.863417E-07   3  21
   0.878425E-07   4  21
   0.903622E-07   5  21
   0.921991E-07   6  21
   0.917305E-07   7  21
   0.843546E-07   8  21
   0.709452E-07   9  21
   0.469281E-07  10  21
   0.248439E-07  11  21
  -0.117198E-08  12  21
  -0.566680E-08  13  21
  -0.807144E-08  14  21
   0.112304E-07  15  21
   0.270211E-07  16  21
   0.453804E-07  17  21
   0.539953E-07  18  21
   0.575718E-07  19  21
   0.555337E-07  20  21
   0.526065E-07  21  21
   0.503457E-07  22  21
   0.846490E-07   3  22
   0.858304E-07   4  22
   0.875670E-07   5  22
   0.886762E-07   6  22
   0.872024E-07   7  22
   0.817310E-07   8  22
   0.707080E-07   9  22
   0.558918E-07  10  22
   0.388222E-07  11  22
   0.258288E-07  12  22
   0.175463E-07  13  22
   0.191002E-07  14  22
   0.254988E-07  15  22
   0.364563E-07  16  22
   0.457296E-07  17  22
   0.520432E-07  18  22
   0.539042E-07  19  22
   0.529409E-07  20  22
   0.506943E-07  21  22
   0.491062E-07  22  22
   0.158684E-05   3   3
   0.146061E-05   4   3
   0.121043E-05   5   3
   0.842688E-06   6   3
   0.372697E-06   7   3
  -0.171861E-06   8   3
  -0.747600E-06   9   3
  -0.129747E-05  10   3
  -0.175672E-05  11   3
  -0.206553E-05  12   3
  -0.218039E-05  13   3
  -0.208683E-05  14   3
  -0.180116E-05  15   3
  -0.136879E-05  16   3
  -0.851734E-06  17   3
  -0.317155E-06  18   3
   0.174955E-06  19   3
   0.578195E-06  20   3
   0.861518E-06  21   3
   0.100704E-05  22   3
   0.131942E-05   3   4
   0.122279E-05   4   4
   0.103291E-05   5   4
   0.757795E-06   6   4
   0.411410E-06   7   4
   0.163652E-07   8   4
  -0.396514E-06   9   4
  -0.786813E-06  10   4
  -0.111239E-05  11   4
  -0.133063E-05  12   4
  -0.141631E-05  13   4
  -0.135604E-05  14   4
  -0.116478E-05  15   4
  -0.869393E-06  16   4
  -0.514151E-06  17   4
  -0.143121E-06  18   4
   0.201546E-06  19   4
   0.487065E-06  20   4
   0.689496E-06  21   4
   0.794220E-06  22   4
   0.104546E-05   3   5
   0.972216E-06   4   5
   0.829344E-06   5   5
   0.623516E-06   6   5
   0.366300E-06   7   5
   0.718596E-07   8   5
  -0.236097E-06   9   5
  -0.533971E-06  10   5
  -0.781913E-06  11   5
  -0.959065E-06  12   5
  -0.102433E-05  13   5
  -0.986773E-06  14   5
  -0.838649E-06  15   5
  -0.622265E-06  16   5
  -0.359840E-06  17   5
  -0.924038E-07  18   5
   0.155244E-06  19   5
   0.358653E-06  20   5
   0.503170E-06  21   5
   0.577927E-06  22   5
   0.824934E-06   3   6
   0.771005E-06   4   6
   0.666064E-06   5   6
   0.516711E-06   6   6
   0.326984E-06   7   6
   0.109752E-06   8   6
  -0.136718E-06   9   6
  -0.374702E-06  10   6
  -0.608806E-06  11   6
  -0.746228E-06  12   6
  -0.836434E-06  13   6
  -0.774793E-06  14   6
  -0.666931E-06  15   6
  -0.464271E-06  16   6
  -0.260530E-06  17   6
  -0.519471E-07  18   6
   0.123338E-06  19   6
   0.266754E-06  20   6
   0.365762E-06  21   6
   0.417494E-06  22   6
   0.654700E-06   3   7
   0.615198E-06   4   7
   0.539336E-06   5   7
   0.430302E-06   6   7
   0.300689E-06   7   7
   0.123599E-06   8   7
  -0.595915E-07   9   7
  -0.340104E-06  10   7
  -0.528164E-06  11   7
  -0.828455E-06  12   7
  -0.785151E-06  13   7
  -0.856810E-06  14   7
  -0.585640E-06  15   7
  -0.428031E-06  16   7
  -0.179829E-06  17   7
  -0.312074E-07  18   7
   0.108791E-06  19   7
   0.199084E-06  20   7
   0.267231E-06  21   7
   0.301962E-06  22   7
   0.522229E-06   3   8
   0.492913E-06   4   8
   0.435608E-06   5   8
   0.357141E-06   6   8
   0.248943E-06   7   8
   0.178080E-06   8   8
  -0.108623E-06   9   8
  -0.229232E-06  10   8
  -0.891295E-06  11   8
  -0.747102E-06  12   8
  -0.157035E-05  13   8
  -0.774569E-06  14   8
  -0.946721E-06  15   8
  -0.313449E-06  16   8
  -0.222695E-06  17   8
   0.328501E-07  18   8
   0.713609E-07  19   8
   0.146375E-06  20   8
   0.191706E-06  21   8
   0.216949E-06  22   8
   0.417553E-06   3   9
   0.393635E-06   4   9
   0.346964E-06   5   9
   0.272627E-06   6   9
   0.198246E-06   7   9
   0.126577E-07   8   9
   0.278659E-06   9   9
  -0.106519E-05  10   9
  -0.531739E-06  11   9
  -0.339027E-05  12   9
  -0.456404E-07  13   9
  -0.341635E-05  14   9
  -0.584138E-06  15   9
  -0.114436E-05  16   9
   0.172244E-06  17   9
  -0.121542E-06  18   9
   0.359964E-07  19   9
   0.825462E-07  20   9
   0.129674E-06  21   9
   0.150679E-06  22   9
   0.333896E-06   3  10
   0.312173E-06   4  10
   0.264095E-06   5  10
   0.191339E-06   6  10
   0.420586E-07   7  10
   0.782454E-09   8  10
  -0.961762E-06   9  10
   0.172525E-05  10  10
  -0.915247E-05  11  10
  -0.473081E-05  12  10
  -0.256528E-04  13  10
  -0.475514E-05  14  10
  -0.920122E-05  15  10
   0.165193E-05  16  10
  -0.105966E-05  17  10
  -0.121685E-06  18  10
  -0.104692E-06  19  10
   0.210395E-07  20  10
   0.710910E-07  21  10
   0.974056E-07  22  10
   0.267662E-06   3  11
   0.244835E-06   4  11
   0.194961E-06   5  11
   0.869066E-07   6  11
  -0.440730E-07   7  11
  -0.573363E-06   8  11
  -0.346141E-06   9  11
  -0.907168E-05  10  11
   0.867322E-05  11  11
  -0.831687E-04  12  11
  -0.821909E-05  13  11
  -0.831911E-04  14  11
   0.862842E-05  15  11
  -0.913878E-05  16  11
  -0.435295E-06  17  11
  -0.684174E-06  18  11
  -0.175785E-06  19  11
  -0.648540E-07  20  11
   0.238861E-07  21  11
   0.544868E-07  22  11
   0.216630E-06   3  12
   0.194256E-06   4  12
   0.133598E-06   5  12
   0.341346E-07   6  12
  -0.276444E-06   7  12
  -0.369005E-06   8  12
  -0.314690E-05   9  12
  -0.459197E-05  10  12
  -0.831098E-04  11  12
   0.590341E-04  12  12
  -0.174420E-03  13  12
   0.590136E-04  14  12
  -0.831507E-04  15  12
  -0.465291E-05  16  12
  -0.322750E-05  17  12
  -0.468543E-06  18  12
  -0.394031E-06  19  12
  -0.100516E-06  20  12
  -0.175101E-07  21  12
   0.253836E-07  22  12
   0.180260E-06   3  13
   0.157923E-06   4  13
   0.102826E-06   5  13
  -0.285007E-07   6  13
  -0.207076E-06   7  13
  -0.116437E-05   8  13
   0.229107E-06   9  13
  -0.254787E-04  10  13
  -0.812169E-05  11  13
  -0.174380E-03  12  13
   0.192314E-01  13  13
  -0.174398E-03  14  13
  -0.815865E-05  15  13
  -0.255337E-04  16  13
   0.156724E-06  17  13
  -0.125333E-05  18  13
  -0.311515E-06  19  13
  -0.147390E-06  20  13
  -0.300008E-07  21  13
   0.960966E-08  22  13
   0.156391E-06   3  14
   0.138554E-06   4  14
   0.864571E-07   5  14
  -0.100607E-08   6  14
  -0.297200E-06   7  14
  -0.374124E-06   8  14
  -0.313646E-05   9  14
  -0.456739E-05  10  14
  -0.830737E-04  11  14
   0.590783E-04  12  14
  -0.174372E-03  13  14
   0.590615E-04  14  14
  -0.831070E-04  15  14
  -0.461686E-05  16  14
  -0.320132E-05  17  14
  -0.453350E-06  18  14
  -0.389611E-06  19  14
  -0.105451E-06  20  14
  -0.293325E-07  21  14
   0.989254E-08  22  14
   0.142908E-06   3  15
   0.129424E-06   4  15
   0.974642E-07   5  15
   0.144734E-07   6  15
  -0.863472E-07   7  15
  -0.583000E-06   8  15
  -0.323313E-06   9  15
  -0.901932E-05  10  15
   0.874968E-05  11  15
  -0.830755E-04  12  15
  -0.811779E-05  13  15
  -0.830907E-04  14  15
   0.871966E-05  15  15
  -0.906371E-05  16  15
  -0.381237E-06  17  15
  -0.653414E-06  18  15
  -0.167973E-06  19  15
  -0.768973E-07  20  15
  -0.272741E-08  21  15
   0.200873E-07  22  15
   0.135745E-06   3  16
   0.129065E-06   4  16
   0.109741E-06   5  16
   0.773364E-07   6  16
  -0.235248E-07   7  16
  -0.121418E-07   8  16
  -0.922329E-06   9  16
   0.181220E-05  10  16
  -0.902679E-05  11  16
  -0.457840E-05  12  16
  -0.254878E-04  13  16
  -0.459204E-05  14  16
  -0.905384E-05  15  16
   0.177232E-05  16  16
  -0.974216E-06  17  16
  -0.748498E-07  18  16
  -0.956418E-07  19  16
  -0.263504E-08  20  16
   0.234377E-07  21  16
   0.370648E-07  22  16
   0.131900E-06   3  17
   0.129903E-06   4  17
   0.125351E-06   5  17
   0.110098E-06   6  17
   0.106803E-06   7  17
  -0.141405E-08   8  17
   0.341551E-06   9  17
  -0.932353E-06  10  17
  -0.342009E-06  11  17
  -0.316168E-05  12  17
   0.200756E-06  13  17
  -0.317407E-05  14  17
  -0.366524E-06  15  17
  -0.968351E-06  16  17
   0.294907E-06  17  17
  -0.575238E-07  18  17
   0.427326E-07  19  17
   0.398354E-07  20  17
   0.507460E-07  21  17
   0.525775E-07  22  17
   0.128516E-06   3  18
   0.129920E-06   4  18
   0.131594E-06   5  18
   0.136027E-06   6  18
   0.127936E-06   7  18
   0.166227E-06   8  18
  -0.116373E-07   9  18
  -0.332940E-07  10  18
  -0.615061E-06  11  18
  -0.416431E-06  12  18
  -0.121573E-05  13  18
  -0.427748E-06  14  18
  -0.637388E-06  15  18
  -0.660769E-07  16  18
  -0.539725E-07  17  18
   0.115534E-06  18  18
   0.704590E-07  19  18
   0.735151E-07  20  18
   0.662323E-07  21  18
   0.637119E-07  22  18
   0.124618E-06   3  19
   0.127053E-06   4  19
   0.132018E-06   5  19
   0.136790E-06   6  19
   0.145204E-06   7  19
   0.119125E-06   8  19
   0.871214E-07   9  19
  -0.556831E-07  10  19
  -0.132173E-06  11  19
  -0.357484E-06  12  19
  -0.282562E-06  13  19
  -0.367961E-06  14  19
  -0.152809E-06  15  19
  -0.858847E-07  16  19
   0.481586E-07  17  19
   0.726733E-07  18  19
   0.927463E-07  19  19
   0.801624E-07  20  19
   0.733367E-07  21  19
   0.686350E-07  22  19
   0.120281E-06   3  20
   0.122731E-06   4  20
   0.126942E-06   5  20
   0.131908E-06   6  20
   0.130458E-06   7  20
   0.120427E-06   8  20
   0.824995E-07   9  20
   0.352852E-07  10  20
  -0.442271E-07  11  20
  -0.785218E-07  12  20
  -0.127055E-06  13  20
  -0.883309E-07  14  20
  -0.635855E-07  15  20
   0.696522E-08  16  20
   0.460824E-07  17  20
   0.770880E-07  18  20
   0.816804E-07  19  20
   0.794955E-07  20  20
   0.727697E-07  21  20
   0.690313E-07  22  20
   0.116552E-06   3  21
   0.118423E-06   4  21
   0.121492E-06   5  21
   0.123574E-06   6  21
   0.122091E-06   7  21
   0.111731E-06   8  21
   0.919842E-07   9  21
   0.595349E-07  10  21
   0.272661E-07  11  21
  -0.667111E-08  12  21
  -0.165080E-07  13  21
  -0.160312E-07  14  21
   0.878220E-08  15  21
   0.325017E-07  16  21
   0.572852E-07  17  21
   0.704468E-07  18  21
   0.756851E-07  19  21
   0.736942E-07  20  21
   0.700563E-07  21  21
   0.672343E-07  22  21
   0.114338E-06   3  22
   0.115804E-06   4  22
   0.117930E-06   5  22
   0.119019E-06   6  22
   0.116605E-06   7  22
   0.108533E-06   8  22
   0.930735E-07   9  22
   0.721292E-07  10  22
   0.485799E-07  11  22
   0.301799E-07  12  22
   0.193573E-07  13  22
   0.210289E-07  14  22
   0.305124E-07  15  22
   0.457032E-07  16  22
   0.591288E-07  17  22
   0.682325E-07  18  22
   0.713490E-07  19  22
   0.704290E-07  20  22
   0.677080E-07  21  22
   0.657075E-07  22  22
   0.201510E-05   3   3
   0.185494E-05   4   3
   0.153751E-05   5   3
   0.107116E-05   6   3
   0.475348E-06   7   3
  -0.214682E-06   8   3
  -0.944014E-06   9   3
  -0.164035E-05  10   3
  -0.222192E-05  11   3
  -0.261287E-05  12   3
  -0.275850E-05  13   3
  -0.264019E-05  14   3
  -0.227890E-05  15   3
  -0.173175E-05  16   3
  -0.107739E-05  17   3
  -0.400644E-06  18   3
   0.222533E-06  19   3
   0.733275E-06  20   3
   0.109221E-05  21   3
   0.127663E-05  22   3
   0.167016E-05   3   4
   0.154732E-05   4   4
   0.130596E-05   5   4
   0.956178E-06   6   4
   0.515819E-06   7   4
   0.133941E-07   8   4
  -0.511585E-06   9   4
  -0.100827E-05  10   4
  -0.142223E-05  11   4
  -0.170038E-05  12   4
  -0.180891E-05  13   4
  -0.173261E-05  14   4
  -0.148872E-05  15   4
  -0.111308E-05  16   4
  -0.660918E-06  17   4
  -0.189022E-06  18   4
   0.249412E-06  19   4
   0.612478E-06  20   4
   0.869907E-06  21   4
   0.100307E-05  22   4
   0.132160E-05   3   5
   0.122870E-05   4   5
   0.104741E-05   5   5
   0.786386E-06   6   5
   0.459853E-06   7   5
   0.864959E-07   8   5
  -0.304892E-06   9   5
  -0.682242E-06  10   5
  -0.998322E-06  11   5
  -0.122124E-05  12   5
  -0.130637E-05  13   5
  -0.125629E-05  14   5
  -0.107011E-05  15   5
  -0.793957E-06  16   5
  -0.461454E-06  17   5
  -0.121388E-06  18   5
   0.192743E-06  19   5
   0.451085E-06  20   5
   0.634475E-06  21   5
   0.729381E-06  22   5
   0.104265E-05   3   6
   0.974113E-06   4   6
   0.840754E-06   5   6
   0.650570E-06   6   6
   0.409793E-06   7   6
   0.132205E-06   8   6
  -0.179120E-06   9   6
  -0.485568E-06  10   6
  -0.777869E-06  11   6
  -0.961785E-06  12   6
  -0.106516E-05  13   6
  -0.997913E-06  14   6
  -0.851388E-06  15   6
  -0.598864E-06  16   6
  -0.335737E-06  17   6
  -0.723239E-07  18   6
   0.152136E-06  19   6
   0.334232E-06  20   6
   0.460609E-06  21   6
   0.526442E-06  22   6
   0.826979E-06   3   7
   0.776680E-06   4   7
   0.679790E-06   5   7
   0.541041E-06   6   7
   0.373181E-06   7   7
   0.151571E-06   8   7
  -0.917223E-07   9   7
  -0.433546E-06  10   7
  -0.698846E-06  11   7
  -0.104385E-05  12   7
  -0.104595E-05  13   7
  -0.107971E-05  14   7
  -0.771512E-06  15   7
  -0.544719E-06  16   7
  -0.243750E-06  17   7
  -0.442126E-07  18   7
   0.130471E-06  19   7
   0.248528E-06  20   7
   0.335394E-06  21   7
   0.380014E-06  22   7
   0.659054E-06   3   8
   0.621475E-06   4   8
   0.548198E-06   5   8
   0.446251E-06   6   8
   0.310537E-06   7   8
   0.201164E-06   8   8
  -0.128906E-06   9   8
  -0.355429E-06  10   8
  -0.109604E-05  11   8
  -0.107485E-05  12   8
  -0.184359E-05  13   8
  -0.110958E-05  14   8
  -0.116609E-05  15   8
  -0.461866E-06  16   8
  -0.273113E-06  17   8
   0.175341E-07  18   8
   0.859528E-07  19   8
   0.179615E-06  20   8
   0.239503E-06  21   8
   0.271952E-06  22   8
   0.526284E-06   3   9
   0.495541E-06   4   9
   0.434853E-06   5   9
   0.340326E-06   6   9
   0.235224E-06   7   9
   0.248433E-07   8   9
   0.229845E-06   9   9
  -0.120572E-05  10   9
  -0.106105E-05  11   9
  -0.416666E-05  12   9
  -0.130893E-05  13   9
  -0.419961E-05  14   9
  -0.112727E-05  15   9
  -0.130576E-05  16   9
   0.953137E-07  17   9
  -0.144806E-06  18   9
   0.300490E-07  19   9
   0.998372E-07  20   9
   0.159765E-06  21   9
   0.187617E-06  22   9
   0.420170E-06   3  10
   0.391872E-06   4  10
   0.330035E-06   5  10
   0.232582E-06   6  10
   0.509869E-07   7  10
  -0.638980E-07   8  10
  -0.107466E-05   9  10
   0.138028E-05  10  10
  -0.104859E-04  11  10
  -0.799374E-05  12  10
  -0.286474E-04  13  10
  -0.802449E-05  14  10
  -0.105475E-04  15  10
   0.128761E-05  16  10
  -0.119841E-05  17  10
  -0.218728E-06  18  10
  -0.134612E-06  19  10
   0.170696E-07  20  10
   0.855860E-07  21  10
   0.119453E-06  22  10
   0.336070E-06   3  11
   0.306511E-06   4  11
   0.240645E-06   5  11
   0.104758E-06   6  11
  -0.850879E-07   7  11
  -0.693097E-06   8  11
  -0.825912E-06   9  11
  -0.103835E-04  10  11
   0.600812E-05  11  11
  -0.974620E-04  12  11
  -0.253417E-04  13  11
  -0.974904E-04  14  11
   0.595147E-05  15  11
  -0.104683E-04  16  11
  -0.938618E-06  17  11
  -0.833199E-06  18  11
  -0.251707E-06  19  11
  -0.873720E-07  20  11
   0.238518E-07  21  11
   0.647950E-07  22  11
   0.271424E-06   3  12
   0.241785E-06   4  12
   0.164550E-06   5  12
   0.281764E-07   6  12
  -0.344041E-06   7  12
  -0.595718E-06   8  12
  -0.385835E-05   9  12
  -0.781792E-05  10  12
  -0.973875E-04  11  12
   0.759999E-04  12  12
   0.456965E-04  13  12
   0.759740E-04  14  12
  -0.974391E-04  15  12
  -0.789492E-05  16  12
  -0.396022E-05  17  12
  -0.721558E-06  18  12
  -0.492788E-06  19  12
  -0.142293E-06  20  12
  -0.270767E-07  21  12
   0.272266E-07  22  12
   0.225278E-06   3  13
   0.196161E-06   4  13
   0.123192E-06   5  13
  -0.402165E-07   6  13
  -0.313084E-06   7  13
  -0.132912E-05   8  13
  -0.960880E-06   9  13
  -0.284269E-04  10  13
  -0.252184E-04  11  13
   0.457476E-04  12  13
   0.243908E-01  13  13
   0.457242E-04  14  13
  -0.252651E-04  15  13
  -0.284964E-04  16  13
  -0.105237E-05  17  13
  -0.144159E-05  18  13
  -0.445212E-06  19  13
  -0.190787E-06  20  13
  -0.453242E-07  21  13
   0.745388E-08  22  13
   0.195244E-06   3  14
   0.171340E-06   4  14
   0.104932E-06   5  14
  -0.162250E-07   6  14
  -0.370239E-06   7  14
  -0.602146E-06   8  14
  -0.384509E-05   9  14
  -0.778678E-05  10  14
  -0.973417E-04  11  14
   0.760558E-04  12  14
   0.457575E-04  13  14
   0.760346E-04  14  14
  -0.973839E-04  15  14
  -0.784928E-05  16  14
  -0.392704E-05  17  14
  -0.702295E-06  18  14
  -0.487151E-06  19  14
  -0.148526E-06  20  14
  -0.420328E-07  21  14
   0.763621E-08  22  14
   0.178342E-06   3  15
   0.160620E-06   4  15
   0.117387E-06   5  15
   0.131968E-07   6  15
  -0.138471E-06   7  15
  -0.705166E-06   8  15
  -0.796879E-06   9  15
  -0.103171E-04  10  15
   0.610498E-05  11  15
  -0.973440E-04  12  15
  -0.252134E-04  13  15
  -0.973631E-04  14  15
   0.606706E-05  15  15
  -0.103732E-04  16  15
  -0.870120E-06  17  15
  -0.794219E-06  18  15
  -0.241732E-06  19  15
  -0.102566E-06  20  15
  -0.979003E-08  21  15
   0.213285E-07  22  15
   0.169645E-06   3  16
   0.160364E-06   4  16
   0.134932E-06   5  16
   0.885181E-07   6  16
  -0.317992E-07   7  16
  -0.800058E-07   8  16
  -0.102454E-05   9  16
   0.149054E-05  10  16
  -0.103266E-04  11  16
  -0.780065E-05  12  16
  -0.284383E-04  13  16
  -0.781789E-05  14  16
  -0.103607E-04  15  16
   0.144014E-05  16  16
  -0.109012E-05  17  16
  -0.159304E-06  18  16
  -0.123043E-06  19  16
  -0.127758E-07  20  16
   0.253761E-07  21  16
   0.431817E-07  22  16
   0.165107E-06   3  17
   0.162078E-06   4  17
   0.154717E-06   5  17
   0.134935E-06   6  17
   0.119835E-06   7  17
   0.737148E-08   8  17
   0.309795E-06   9  17
  -0.103720E-05  10  17
  -0.820532E-06  11  17
  -0.387694E-05  12  17
  -0.996675E-06  13  17
  -0.389260E-05  14  17
  -0.851508E-06  15  17
  -0.108270E-05  16  17
   0.250823E-06  17  17
  -0.635667E-07  18  17
   0.387648E-07  19  17
   0.459593E-07  20  17
   0.600096E-07  21  17
   0.636113E-07  22  17
   0.161167E-06   3  18
   0.162463E-06   4  18
   0.163891E-06   5  18
   0.166847E-06   6  18
   0.157895E-06   7  18
   0.186701E-06   8  18
  -0.556217E-08   9  18
  -0.106779E-06  10  18
  -0.745744E-06  11  18
  -0.655656E-06  12  18
  -0.139405E-05  13  18
  -0.669945E-06  14  18
  -0.773952E-06  15  18
  -0.148222E-06  16  18
  -0.590900E-07  17  18
   0.122614E-06  18  18
   0.851573E-07  19  18
   0.876985E-07  20  18
   0.809456E-07  21  18
   0.782436E-07  22  18
   0.156518E-06   3  19
   0.159314E-06   4  19
   0.164784E-06   5  19
   0.170142E-06   6  19
   0.177035E-06   7  19
   0.146691E-06   8  19
   0.948681E-07   9  19
  -0.725565E-07  10  19
  -0.196520E-06  11  19
  -0.446575E-06  12  19
  -0.408621E-06  13  19
  -0.459795E-06  14  19
  -0.222586E-06  15  19
  -0.110722E-06  16  19
   0.456246E-07  17  19
   0.879659E-07  18  19
   0.110713E-06  19  19
   0.984713E-07  20  19
   0.903822E-07  21  19
   0.850598E-07  22  19
   0.151297E-06   3  20
   0.154173E-06   4  20
   0.159048E-06   5  20
   0.164348E-06   6  20
   0.162035E-06   7  20
   0.146960E-06   8  20
   0.998308E-07   9  20
   0.351226E-07  10  20
  -0.612890E-07  11  20
  -0.114528E-06  12  20
  -0.165104E-06  13  20
  -0.126903E-06  14  20
  -0.857504E-07  15  20
  -0.649675E-09  16  20
   0.538360E-07  17  20
   0.921657E-07  18  20
   0.100360E-06  19  20
   0.979909E-07  20  20
   0.904274E-07  21  20
   0.859650E-07  22  20
   0.146730E-06   3  21
   0.148944E-06   4  21
   0.152477E-06   5  21
   0.154691E-06   6  21
   0.152024E-06   7  21
   0.138440E-06   8  21
   0.112119E-06   9  21
   0.709608E-07  10  21
   0.280897E-07  11  21
  -0.134179E-07  12  21
  -0.283109E-07  13  21
  -0.252536E-07  14  21
   0.475098E-08  15  21
   0.368172E-07  16  21
   0.682703E-07  17  21
   0.862755E-07  18  21
   0.933635E-07  19  21
   0.915863E-07  20  21
   0.873190E-07  21  21
   0.840303E-07  22  21
   0.144014E-06   3  22
   0.145737E-06   4  22
   0.148164E-06   5  22
   0.149204E-06   6  22
   0.145693E-06   7  22
   0.134855E-06   8  22
   0.114755E-06   9  22
   0.874764E-07  10  22
   0.573004E-07  11  22
   0.332375E-07  12  22
   0.197505E-07  13  22
   0.216658E-07  14  22
   0.344650E-07  15  22
   0.540949E-07  16  22
   0.718750E-07  17  22
   0.839406E-07  18  22
   0.884927E-07  19  22
   0.877484E-07  20  22
   0.846160E-07  21  22
   0.822498E-07  22  22
   0.244341E-05   3   3
   0.224926E-05   4   3
   0.186456E-05   5   3
   0.129953E-05   6   3
   0.577882E-06   7   3
  -0.257601E-06   8   3
  -0.114049E-05   9   3
  -0.198321E-05  10   3
  -0.268703E-05  11   3
  -0.316006E-05  12   3
  -0.333644E-05  13   3
  -0.319343E-05  14   3
  -0.275662E-05  15   3
  -0.209482E-05  16   3
  -0.130324E-05  17   3
  -0.484425E-06  18   3
   0.269726E-06  19   3
   0.887967E-06  20   3
   0.132254E-05  21   3
   0.154583E-05  22   3
   0.202017E-05   3   4
   0.187108E-05   4   4
   0.157817E-05   5   4
   0.115358E-05   6   4
   0.619079E-06   7   4
   0.904915E-08   8   4
  -0.628291E-06   9   4
  -0.123156E-05  10   4
  -0.173415E-05  11   4
  -0.207235E-05  12   4
  -0.220387E-05  13   4
  -0.211143E-05  14   4
  -0.181473E-05  15   4
  -0.135860E-05  16   4
  -0.809304E-06  17   4
  -0.236328E-06  18   4
   0.296084E-06  19   4
   0.736866E-06  20   4
   0.104941E-05  21   4
   0.121107E-05  22   4
   0.159751E-05   3   5
   0.148492E-05   4   5
   0.126510E-05   5   5
   0.948604E-06   6   5
   0.552534E-06   7   5
   0.999244E-07   8   5
  -0.375284E-06   9   5
  -0.832533E-06  10   5
  -0.121713E-05  11   5
  -0.148600E-05  12   5
  -0.159090E-05  13   5
  -0.152841E-05  14   5
  -0.130400E-05  15   5
  -0.967689E-06  16   5
  -0.564711E-06  17   5
  -0.151609E-06  18   5
   0.229317E-06  19   5
   0.542867E-06  20   5
   0.765268E-06  21   5
   0.880418E-06  22   5
   0.126011E-05   3   6
   0.117690E-05   4   6
   0.101502E-05   5   6
   0.783775E-06   6   6
   0.491693E-06   7   6
   0.153359E-06   8   6
  -0.223237E-06   9   6
  -0.598728E-06  10   6
  -0.949541E-06  11   6
  -0.118101E-05  12   6
  -0.129835E-05  13   6
  -0.122470E-05  14   6
  -0.103846E-05  15   6
  -0.735735E-06  16   6
  -0.412684E-06  17   6
  -0.940204E-07  18   6
   0.180006E-06  19   6
   0.401015E-06  20   6
   0.554967E-06  21   6
   0.634980E-06  22   6
   0.999007E-06   3   7
   0.937853E-06   4   7
   0.819762E-06   5   7
   0.651008E-06   6   7
   0.444365E-06   7   7
   0.177861E-06   8   7
  -0.126508E-06   9   7
  -0.529940E-06  10   7
  -0.874661E-06  11   7
  -0.126116E-05  12   7
  -0.130735E-05  13   7
  -0.130452E-05  14   7
  -0.962534E-06  15   7
  -0.664342E-06  16   7
  -0.310326E-06  17   7
  -0.588985E-07  18   7
   0.150803E-06  19   7
   0.297143E-06  20   7
   0.403011E-06  21   7
   0.457639E-06  22   7
   0.795604E-06   3   8
   0.749661E-06   4   8
   0.660168E-06   5   8
   0.534317E-06   6   8
   0.370584E-06   7   8
   0.220692E-06   8   8
  -0.151328E-06   9   8
  -0.489935E-06  10   8
  -0.130468E-05  11   8
  -0.143168E-05  12   8
  -0.214723E-05  13   8
  -0.147366E-05  14   8
  -0.138935E-05  15   8
  -0.618602E-06  16   8
  -0.325693E-06  17   8
  -0.133490E-08  18   8
   0.989728E-07  19   8
   0.211782E-06  20   8
   0.286570E-06  21   8
   0.326407E-06  22   8
   0.634678E-06   3   9
   0.596960E-06   4   9
   0.521918E-06   5   9
   0.406668E-06   6   9
   0.269746E-06   7   9
   0.349674E-07   8   9
   0.165284E-06   9   9
  -0.133895E-05  10   9
  -0.164904E-05  11   9
  -0.492815E-05  12   9
  -0.261302E-05  13   9
  -0.496797E-05  14   9
  -0.172909E-05  15   9
  -0.145986E-05  16   9
   0.264565E-08  17   9
  -0.170162E-06  18   9
   0.216345E-07  19   9
   0.115702E-06  20   9
   0.188920E-06  21   9
   0.223858E-06  22   9
   0.506020E-06   3  10
   0.470958E-06   4  10
   0.394942E-06   5  10
   0.271975E-06   6  10
   0.572659E-07   7  10
  -0.136733E-06   8  10
  -0.118019E-05   9  10
   0.916566E-06  10  10
  -0.116846E-04  11  10
  -0.117983E-04  12  10
  -0.318345E-04  13  10
  -0.118354E-04  14  10
  -0.117590E-04  15  10
   0.804567E-06  16  10
  -0.132978E-05  17  10
  -0.323961E-06  18  10
  -0.167203E-06  19  10
   0.112348E-07  20  10
   0.989195E-07  21  10
   0.140654E-06  22  10
   0.403961E-06   3  11
   0.367448E-06   4  11
   0.285021E-06   5  11
   0.120472E-06   6  11
  -0.130911E-06   7  11
  -0.816559E-06   8  11
  -0.136424E-05   9  11
  -0.115607E-04  10  11
   0.235519E-05  11  11
  -0.109210E-03  12  11
  -0.397077E-04  13  11
  -0.109244E-03  14  11
   0.228671E-05  15  11
  -0.116632E-04  16  11
  -0.150051E-05  17  11
  -0.985951E-06  18  11
  -0.332478E-06  19  11
  -0.112051E-06  20  11
   0.223768E-07  21  11
   0.740828E-07  22  11
   0.325645E-06   3  12
   0.288471E-06   4  12
   0.194119E-06   5  12
   0.191124E-07   6  12
  -0.413155E-06   7  12
  -0.851310E-06   8  12
  -0.455479E-05   9  12
  -0.115854E-04  10  12
  -0.109119E-03  11  12
   0.955107E-04  12  12
   0.332453E-03  13  12
   0.954794E-04  14  12
  -0.109182E-03  15  12
  -0.116784E-04  16  12
  -0.467792E-05  17  12
  -0.100347E-05  18  12
  -0.593108E-06  19  12
  -0.187264E-06  20  12
  -0.381871E-07  21  12
   0.279105E-07  22  12
   0.269709E-06   3  13
   0.233461E-06   4  13
   0.142306E-06   5  13
  -0.558156E-07   6  13
  -0.419310E-06   7  13
  -0.152404E-05   8  13
  -0.219152E-05   9  13
  -0.315675E-04  10  13
  -0.395584E-04  11  13
   0.332515E-03  12  13
   0.292677E-01  13  13
   0.332486E-03  14  13
  -0.396149E-04  15  13
  -0.316516E-04  16  13
  -0.230214E-05  17  13
  -0.166005E-05  18  13
  -0.579163E-06  19  13
  -0.238144E-06  20  13
  -0.620851E-07  21  13
   0.407647E-08  22  13
   0.233543E-06   3  14
   0.203276E-06   4  14
   0.122058E-06   5  14
  -0.345458E-07   6  14
  -0.444787E-06   7  14
  -0.859011E-06   8  14
  -0.453869E-05   9  14
  -0.115476E-04  10  14
  -0.109064E-03  11  14
   0.955785E-04  12  14
   0.332527E-03  13  14
   0.955528E-04  14  14
  -0.109115E-03  15  14
  -0.116232E-04  16  14
  -0.463773E-05  17  14
  -0.980115E-06  18  14
  -0.586249E-06  19  14
  -0.194785E-06  20  14
  -0.562541E-07  21  14
   0.422919E-08  22  14
   0.213278E-06   3  15
   0.191070E-06   4  15
   0.136044E-06   5  15
   0.986194E-08   6  15
  -0.195370E-06   7  15
  -0.831012E-06   8  15
  -0.132900E-05   9  15
  -0.114802E-04  10  15
   0.247252E-05  11  15
  -0.109067E-03  12  15
  -0.395523E-04  13  15
  -0.109090E-03  14  15
   0.242667E-05  15  15
  -0.115480E-04  16  15
  -0.141754E-05  17  15
  -0.938722E-06  18  15
  -0.320319E-06  19  15
  -0.130361E-06  20  15
  -0.182502E-07  21  15
   0.215988E-07  22  15
   0.203140E-06   3  16
   0.191067E-06   4  16
   0.159101E-06   5  16
   0.979166E-07   6  16
  -0.426425E-07   7  16
  -0.155994E-06   8  16
  -0.111932E-05   9  16
   0.105023E-05  10  16
  -0.114916E-04  11  16
  -0.115644E-04  12  16
  -0.315812E-04  13  16
  -0.115852E-04  14  16
  -0.115329E-04  15  16
   0.989311E-06  16  16
  -0.119861E-05  17  16
  -0.251884E-06  18  16
  -0.153066E-06  19  16
  -0.247669E-07  20  16
   0.261953E-07  21  16
   0.484808E-07  22  16
   0.197990E-06   3  17
   0.193800E-06   4  17
   0.183312E-06   5  17
   0.158488E-06   6  17
   0.130496E-06   7  17
   0.141789E-07   8  17
   0.262416E-06   9  17
  -0.113462E-05  10  17
  -0.135761E-05  11  17
  -0.457717E-05  12  17
  -0.223479E-05  13  17
  -0.459608E-05  14  17
  -0.139504E-05  15  17
  -0.118962E-05  16  17
   0.191114E-06  17  17
  -0.716021E-07  18  17
   0.324275E-07  19  17
   0.507272E-07  20  17
   0.684519E-07  21  17
   0.740213E-07  22  17
   0.193598E-06   3  18
   0.194691E-06   4  18
   0.195646E-06   5  18
   0.196738E-06   6  18
   0.186401E-06   7  18
   0.203742E-06   8  18
  -0.150260E-08   9  18
  -0.188393E-06  10  18
  -0.880121E-06  11  18
  -0.923739E-06  12  18
  -0.160257E-05  13  18
  -0.941012E-06  14  18
  -0.914209E-06  15  18
  -0.238488E-06  16  18
  -0.661954E-07  17  18
   0.126256E-06  18  18
   0.984101E-07  19  18
   0.100914E-06  20  18
   0.950766E-07  21  18
   0.923405E-07  22  18
   0.188306E-06   3  19
   0.191372E-06   4  19
   0.197206E-06   5  19
   0.202883E-06   6  19
   0.207766E-06   7  19
   0.172800E-06   8  19
   0.100218E-06   9  19
  -0.920635E-07  10  19
  -0.265689E-06  11  19
  -0.537211E-06  12  19
  -0.534945E-06  13  19
  -0.553198E-06  14  19
  -0.297172E-06  15  19
  -0.138190E-06  16  19
   0.407106E-07  17  19
   0.101832E-06  18  19
   0.127561E-06  19  19
   0.116133E-06  20  19
   0.107043E-06  21  19
   0.101191E-06  22  19
   0.182221E-06   3  20
   0.185462E-06   4  20
   0.190935E-06   5  20
   0.196364E-06   6  20
   0.192978E-06   7  20
   0.172542E-06   8  20
   0.115848E-06   9  20
   0.330988E-07  10  20
  -0.804878E-07  11  20
  -0.153693E-06  12  20
  -0.207094E-06  13  20
  -0.168660E-06  14  20
  -0.110037E-06  15  20
  -0.101352E-07  16  20
   0.602637E-07  17  20
   0.106331E-06  18  20
   0.118421E-06  19  20
   0.116071E-06  20  20
   0.107839E-06  21  20
   0.102729E-06  22  20
   0.176857E-06   3  21
   0.179387E-06   4  21
   0.183323E-06   5  21
   0.185554E-06   6  21
   0.181562E-06   7  21
   0.164547E-06   8  21
   0.131419E-06   9  21
   0.812707E-07  10  21
   0.275073E-07  11  21
  -0.216666E-07  12  21
  -0.415157E-07  13  21
  -0.359857E-07  14  21
  -0.696258E-09  15  21
   0.399848E-07  16  21
   0.784098E-07  17  21
   0.101511E-06  18  21
   0.110630E-06  19  21
   0.109255E-06  20  21
   0.104443E-06  21  21
   0.100718E-06  22  21
   0.173679E-06   3  22
   0.175646E-06   4  22
   0.178329E-06   5  22
   0.179191E-06   6  22
   0.174502E-06   7  22
   0.160752E-06   8  22
   0.135836E-06   9  22
   0.102003E-06  10  22
   0.650328E-07  11  22
   0.351802E-07  12  22
   0.189182E-07  13  22
   0.211780E-07  14  22
   0.374347E-07  15  22
   0.616709E-07  16  22
   0.840102E-07  17  22
   0.992133E-07  18  22
   0.105365E-06  19  22
   0.104882E-06  20  22
   0.101418E-06  21  22
   0.987180E-07  22  22
