     0.00, 0.00000000E+00, 0.00000000E+00
     0.00, 0.38333172E+00, 0.38098380E+00
    10.00, 0.38154684E+00, 0.37946969E+00
    20.00, 0.38006227E+00, 0.37830393E+00
    30.00, 0.37881612E+00, 0.37731848E+00
    40.00, 0.37774681E+00, 0.37644824E+00
    50.00, 0.37680714E+00, 0.37565985E+00
    60.00, 0.37596423E+00, 0.37493347E+00
    70.00, 0.37519530E+00, 0.37425618E+00
    80.00, 0.37448442E+00, 0.37361900E+00
    90.00, 0.37382021E+00, 0.37301541E+00
   100.00, 0.37319439E+00, 0.37244047E+00
   110.00, 0.37260078E+00, 0.37189035E+00
   120.00, 0.37203468E+00, 0.37136201E+00
   130.00, 0.37149241E+00, 0.37085296E+00
   140.00, 0.37097106E+00, 0.37036119E+00
   150.00, 0.37046827E+00, 0.36988497E+00
   160.00, 0.36998209E+00, 0.36942288E+00
   170.00, 0.36950750E+00, 0.36897369E+00
   180.00, 0.36904630E+00, 0.36853633E+00
   190.00, 0.36859734E+00, 0.36810988E+00
   200.00, 0.36815965E+00, 0.36769353E+00
   210.00, 0.36773237E+00, 0.36728656E+00
   220.00, 0.36731478E+00, 0.36688835E+00
   230.00, 0.36690620E+00, 0.36649832E+00
   240.00, 0.36650606E+00, 0.36611598E+00
   250.00, 0.36611382E+00, 0.36574085E+00
   260.00, 0.36572902E+00, 0.36537254E+00
   270.00, 0.36535124E+00, 0.36501066E+00
   280.00, 0.36498009E+00, 0.36465488E+00
   290.00, 0.36461521E+00, 0.36430487E+00
   300.00, 0.36425629E+00, 0.36396035E+00
   310.00, 0.36390303E+00, 0.36362107E+00
   320.00, 0.36355516E+00, 0.36328677E+00
   330.00, 0.36321243E+00, 0.36295722E+00
   340.00, 0.36287461E+00, 0.36263223E+00
   350.00, 0.36254149E+00, 0.36231160E+00
   360.00, 0.36221287E+00, 0.36199514E+00
   370.00, 0.36188855E+00, 0.36168269E+00
   380.00, 0.36156838E+00, 0.36137409E+00
   390.00, 0.36125218E+00, 0.36106919E+00
   400.00, 0.36093981E+00, 0.36076786E+00
   410.00, 0.36063113E+00, 0.36046996E+00
   420.00, 0.36032599E+00, 0.36017537E+00
   430.00, 0.36002428E+00, 0.35988399E+00
   440.00, 0.35972588E+00, 0.35959569E+00
   450.00, 0.35943067E+00, 0.35931038E+00
   460.00, 0.35913856E+00, 0.35902795E+00
   470.00, 0.35884943E+00, 0.35874833E+00
   480.00, 0.35856321E+00, 0.35847141E+00
   490.00, 0.35827979E+00, 0.35819712E+00
   500.00, 0.35799909E+00, 0.35792539E+00
   510.00, 0.35772103E+00, 0.35765612E+00
   520.00, 0.35744553E+00, 0.35738926E+00
   530.00, 0.35717253E+00, 0.35712473E+00
   540.00, 0.35690194E+00, 0.35686248E+00
   550.00, 0.35663371E+00, 0.35660243E+00
   560.00, 0.35636778E+00, 0.35634453E+00
   570.00, 0.35610407E+00, 0.35608873E+00
   580.00, 0.35584253E+00, 0.35583497E+00
   590.00, 0.35558311E+00, 0.35558319E+00
   600.00, 0.35532575E+00, 0.35533335E+00
   610.00, 0.35507040E+00, 0.35508540E+00
   620.00, 0.35481702E+00, 0.35483930E+00
   630.00, 0.35455688E+00, 0.35459499E+00
   640.00, 0.35429892E+00, 0.35435245E+00
   650.00, 0.35404300E+00, 0.35411162E+00
   660.00, 0.35378900E+00, 0.35387247E+00
   670.00, 0.35353684E+00, 0.35363496E+00
   680.00, 0.35328644E+00, 0.35339906E+00
   690.00, 0.35303774E+00, 0.35316473E+00
   700.00, 0.35279069E+00, 0.35293194E+00
   710.00, 0.35254524E+00, 0.35270065E+00
   720.00, 0.35230136E+00, 0.35247083E+00
   730.00, 0.35205900E+00, 0.35224246E+00
   740.00, 0.35181812E+00, 0.35201550E+00
   750.00, 0.35157871E+00, 0.35178992E+00
   760.00, 0.35134071E+00, 0.35156570E+00
   770.00, 0.35110412E+00, 0.35134282E+00
   780.00, 0.35086889E+00, 0.35112124E+00
   790.00, 0.35063501E+00, 0.35090094E+00
   800.00, 0.35040245E+00, 0.35068190E+00
   810.00, 0.35017117E+00, 0.35046409E+00
   820.00, 0.34994118E+00, 0.35024750E+00
   830.00, 0.34971243E+00, 0.35003209E+00
   840.00, 0.34948490E+00, 0.34981785E+00
   850.00, 0.34925859E+00, 0.34960476E+00
   860.00, 0.34903346E+00, 0.34939279E+00
   870.00, 0.34880950E+00, 0.34918194E+00
   880.00, 0.34858669E+00, 0.34897217E+00
   890.00, 0.34836501E+00, 0.34876347E+00
   900.00, 0.34814445E+00, 0.34855583E+00
   910.00, 0.34792498E+00, 0.34834922E+00
   920.00, 0.34770659E+00, 0.34814363E+00
   930.00, 0.34748927E+00, 0.34793904E+00
   940.00, 0.34727300E+00, 0.34773544E+00
   950.00, 0.34705776E+00, 0.34753281E+00
   960.00, 0.34684353E+00, 0.34733114E+00
   970.00, 0.34663031E+00, 0.34713040E+00
   980.00, 0.34641808E+00, 0.34693059E+00
   990.00, 0.34620683E+00, 0.34673170E+00
  1000.00, 0.34599654E+00, 0.34653370E+00
  1010.00, 0.34578720E+00, 0.34633658E+00
  1020.00, 0.34557880E+00, 0.34614034E+00
  1030.00, 0.34537132E+00, 0.34594496E+00
  1040.00, 0.34516475E+00, 0.34575043E+00
  1050.00, 0.34495908E+00, 0.34555672E+00
  1060.00, 0.34475430E+00, 0.34536385E+00
  1070.00, 0.34455040E+00, 0.34517178E+00
  1080.00, 0.34434737E+00, 0.34498051E+00
  1090.00, 0.34414519E+00, 0.34479004E+00
  1100.00, 0.34394385E+00, 0.34460034E+00
  1110.00, 0.34374335E+00, 0.34441140E+00
  1120.00, 0.34354367E+00, 0.34422323E+00
  1130.00, 0.34334481E+00, 0.34403580E+00
  1140.00, 0.34314675E+00, 0.34384911E+00
  1150.00, 0.34294948E+00, 0.34366315E+00
  1160.00, 0.34275300E+00, 0.34347791E+00
  1170.00, 0.34255730E+00, 0.34329337E+00
  1180.00, 0.34236236E+00, 0.34310954E+00
  1190.00, 0.34216818E+00, 0.34292640E+00
  1200.00, 0.34197475E+00, 0.34274393E+00
  1210.00, 0.34178207E+00, 0.34256215E+00
  1220.00, 0.34159011E+00, 0.34238103E+00
  1230.00, 0.34139888E+00, 0.34220056E+00
  1240.00, 0.34120836E+00, 0.34202075E+00
  1250.00, 0.34101856E+00, 0.34184158E+00
  1260.00, 0.34082945E+00, 0.34166304E+00
  1270.00, 0.34064104E+00, 0.34148513E+00
  1280.00, 0.34045331E+00, 0.34130784E+00
  1290.00, 0.34026627E+00, 0.34113116E+00
  1300.00, 0.34007989E+00, 0.34095508E+00
  1310.00, 0.33989418E+00, 0.34077960E+00
  1320.00, 0.33970912E+00, 0.34060472E+00
  1330.00, 0.33952472E+00, 0.34043042E+00
  1340.00, 0.33934096E+00, 0.34025669E+00
  1350.00, 0.33915784E+00, 0.34008354E+00
  1360.00, 0.33897534E+00, 0.33991095E+00
  1370.00, 0.33879348E+00, 0.33973893E+00
  1380.00, 0.33861223E+00, 0.33956745E+00
  1390.00, 0.33843159E+00, 0.33939652E+00
  1400.00, 0.33825156E+00, 0.33922614E+00
  1410.00, 0.33807213E+00, 0.33905628E+00
  1420.00, 0.33789329E+00, 0.33888696E+00
  1430.00, 0.33771504E+00, 0.33871816E+00
  1440.00, 0.33753737E+00, 0.33854988E+00
  1450.00, 0.33736029E+00, 0.33838211E+00
  1460.00, 0.33718377E+00, 0.33821486E+00
  1470.00, 0.33700782E+00, 0.33804810E+00
  1480.00, 0.33683243E+00, 0.33788184E+00
  1490.00, 0.33665760E+00, 0.33771607E+00
  1500.00, 0.33648332E+00, 0.33755079E+00
  1510.00, 0.33630958E+00, 0.33738600E+00
  1520.00, 0.33613638E+00, 0.33722168E+00
  1530.00, 0.33596372E+00, 0.33705783E+00
  1540.00, 0.33579160E+00, 0.33689445E+00
  1550.00, 0.33561999E+00, 0.33673154E+00
  1560.00, 0.33544891E+00, 0.33656909E+00
  1570.00, 0.33527835E+00, 0.33640709E+00
  1580.00, 0.33510830E+00, 0.33624554E+00
  1590.00, 0.33493876E+00, 0.33608444E+00
  1600.00, 0.33476972E+00, 0.33592378E+00
  1610.00, 0.33460118E+00, 0.33576356E+00
  1620.00, 0.33443313E+00, 0.33560377E+00
  1630.00, 0.33426558E+00, 0.33544441E+00
  1640.00, 0.33409851E+00, 0.33528548E+00
  1650.00, 0.33393192E+00, 0.33512697E+00
  1660.00, 0.33376582E+00, 0.33496888E+00
  1670.00, 0.33360018E+00, 0.33481121E+00
  1680.00, 0.33343502E+00, 0.33465394E+00
  1690.00, 0.33327033E+00, 0.33449709E+00
  1700.00, 0.33310609E+00, 0.33434063E+00
  1710.00, 0.33294232E+00, 0.33418458E+00
  1720.00, 0.33277900E+00, 0.33402892E+00
  1730.00, 0.33261614E+00, 0.33387366E+00
  1740.00, 0.33245372E+00, 0.33371878E+00
  1750.00, 0.33229174E+00, 0.33356430E+00
  1760.00, 0.33213021E+00, 0.33341019E+00
  1770.00, 0.33196911E+00, 0.33325647E+00
  1780.00, 0.33180845E+00, 0.33310312E+00
  1790.00, 0.33164822E+00, 0.33295014E+00
  1800.00, 0.33148841E+00, 0.33279754E+00
  1810.00, 0.33132903E+00, 0.33264530E+00
  1820.00, 0.33117008E+00, 0.33249343E+00
  1830.00, 0.33101153E+00, 0.33234192E+00
  1840.00, 0.33085341E+00, 0.33219076E+00
  1850.00, 0.33069569E+00, 0.33203997E+00
  1860.00, 0.33053838E+00, 0.33188952E+00
  1870.00, 0.33038148E+00, 0.33173943E+00
  1880.00, 0.33022497E+00, 0.33158968E+00
  1890.00, 0.33006887E+00, 0.33144027E+00
  1900.00, 0.32991317E+00, 0.33129121E+00
  1910.00, 0.32975785E+00, 0.33114249E+00
  1920.00, 0.32960293E+00, 0.33099410E+00
  1930.00, 0.32944839E+00, 0.33084604E+00
  1940.00, 0.32929424E+00, 0.33069832E+00
  1950.00, 0.32914047E+00, 0.33055093E+00
  1960.00, 0.32898708E+00, 0.33040386E+00
  1970.00, 0.32883407E+00, 0.33025711E+00
  1980.00, 0.32868143E+00, 0.33011069E+00
  1990.00, 0.32852916E+00, 0.32996458E+00
  2000.00, 0.32837726E+00, 0.32981879E+00
  2010.00, 0.32822573E+00, 0.32967332E+00
  2020.00, 0.32807456E+00, 0.32952815E+00
  2030.00, 0.32792375E+00, 0.32938330E+00
  2040.00, 0.32777330E+00, 0.32923875E+00
  2050.00, 0.32762320E+00, 0.32909451E+00
  2060.00, 0.32747346E+00, 0.32895057E+00
  2070.00, 0.32732407E+00, 0.32880693E+00
  2080.00, 0.32717503E+00, 0.32866358E+00
  2090.00, 0.32702633E+00, 0.32852054E+00
  2100.00, 0.32687798E+00, 0.32837779E+00
  2110.00, 0.32672997E+00, 0.32823533E+00
  2120.00, 0.32658230E+00, 0.32809316E+00
  2130.00, 0.32643496E+00, 0.32795128E+00
  2140.00, 0.32628797E+00, 0.32780968E+00
  2150.00, 0.32614130E+00, 0.32766837E+00
  2160.00, 0.32599497E+00, 0.32752734E+00
  2170.00, 0.32584896E+00, 0.32738659E+00
  2180.00, 0.32570328E+00, 0.32724612E+00
  2190.00, 0.32555793E+00, 0.32710592E+00
  2200.00, 0.32541289E+00, 0.32696600E+00
  2210.00, 0.32526818E+00, 0.32682635E+00
  2220.00, 0.32512378E+00, 0.32668697E+00
  2230.00, 0.32497971E+00, 0.32654787E+00
  2240.00, 0.32483594E+00, 0.32640903E+00
  2250.00, 0.32469249E+00, 0.32627045E+00
  2260.00, 0.32454935E+00, 0.32613214E+00
  2270.00, 0.32440651E+00, 0.32599409E+00
  2280.00, 0.32426399E+00, 0.32585630E+00
  2290.00, 0.32412176E+00, 0.32571877E+00
  2300.00, 0.32397984E+00, 0.32558149E+00
  2310.00, 0.32383822E+00, 0.32544448E+00
  2320.00, 0.32369690E+00, 0.32530771E+00
  2330.00, 0.32355588E+00, 0.32517120E+00
  2340.00, 0.32341515E+00, 0.32503494E+00
  2350.00, 0.32327472E+00, 0.32489893E+00
  2360.00, 0.32313458E+00, 0.32476316E+00
  2370.00, 0.32299472E+00, 0.32462764E+00
  2380.00, 0.32285516E+00, 0.32449237E+00
  2390.00, 0.32271588E+00, 0.32435734E+00
  2400.00, 0.32257689E+00, 0.32422255E+00
  2410.00, 0.32243818E+00, 0.32408800E+00
  2420.00, 0.32229976E+00, 0.32395369E+00
  2430.00, 0.32216161E+00, 0.32381962E+00
  2440.00, 0.32202374E+00, 0.32368578E+00
  2450.00, 0.32188615E+00, 0.32355218E+00
  2460.00, 0.32174883E+00, 0.32341881E+00
  2470.00, 0.32161179E+00, 0.32328567E+00
  2480.00, 0.32147502E+00, 0.32315276E+00
  2490.00, 0.32133852E+00, 0.32302008E+00
  2500.00, 0.32120229E+00, 0.32288763E+00
  2510.00, 0.32106632E+00, 0.32275541E+00
  2520.00, 0.32093063E+00, 0.32262341E+00
  2530.00, 0.32079519E+00, 0.32249163E+00
  2540.00, 0.32066002E+00, 0.32236008E+00
  2550.00, 0.32052512E+00, 0.32222875E+00
  2560.00, 0.32039047E+00, 0.32209764E+00
  2570.00, 0.32025608E+00, 0.32196675E+00
  2580.00, 0.32012195E+00, 0.32183608E+00
  2590.00, 0.31998807E+00, 0.32170562E+00
  2600.00, 0.31985445E+00, 0.32157538E+00
  2610.00, 0.31972108E+00, 0.32144535E+00
  2620.00, 0.31958797E+00, 0.32131554E+00
  2630.00, 0.31945510E+00, 0.32118593E+00
  2640.00, 0.31932249E+00, 0.32105654E+00
  2650.00, 0.31919012E+00, 0.32092736E+00
  2660.00, 0.31905800E+00, 0.32079839E+00
  2670.00, 0.31892612E+00, 0.32066962E+00
  2680.00, 0.31879449E+00, 0.32054106E+00
  2690.00, 0.31866310E+00, 0.32041271E+00
  2700.00, 0.31853195E+00, 0.32028456E+00
  2710.00, 0.31840104E+00, 0.32015661E+00
  2720.00, 0.31827037E+00, 0.32002887E+00
  2730.00, 0.31813994E+00, 0.31990132E+00
  2740.00, 0.31800975E+00, 0.31977398E+00
  2750.00, 0.31787979E+00, 0.31964684E+00
  2760.00, 0.31775006E+00, 0.31951989E+00
  2770.00, 0.31762057E+00, 0.31939314E+00
  2780.00, 0.31749131E+00, 0.31926659E+00
  2790.00, 0.31736228E+00, 0.31914024E+00
  2800.00, 0.31723348E+00, 0.31901407E+00
  2810.00, 0.31710490E+00, 0.31888810E+00
  2820.00, 0.31697656E+00, 0.31876233E+00
  2830.00, 0.31684844E+00, 0.31863674E+00
  2840.00, 0.31672055E+00, 0.31851135E+00
  2850.00, 0.31659288E+00, 0.31838614E+00
  2860.00, 0.31646543E+00, 0.31826113E+00
  2870.00, 0.31633820E+00, 0.31813630E+00
  2880.00, 0.31621120E+00, 0.31801166E+00
  2890.00, 0.31608441E+00, 0.31788720E+00
