    0.000, 0.00000000E+00, 0.00000000E+00, 0.00000000E+00, 0.00000000E+00
    0.000, 0.33324091E+03, 0.33331123E+03, 0.38680350E+00, 0.38688512E+00
   10.000, 0.33404985E+03, 0.33412650E+03, 0.38774245E+00, 0.38783143E+00
   20.000, 0.33467267E+03, 0.33475421E+03, 0.38846539E+00, 0.38856004E+00
   30.000, 0.33518219E+03, 0.33528483E+03, 0.38905680E+00, 0.38917594E+00
   40.000, 0.33563214E+03, 0.33575341E+03, 0.38957907E+00, 0.38971984E+00
   50.000, 0.33603977E+03, 0.33617793E+03, 0.39005222E+00, 0.39021259E+00
   60.000, 0.33641533E+03, 0.33656905E+03, 0.39048815E+00, 0.39066657E+00
   70.000, 0.33676552E+03, 0.33693374E+03, 0.39089462E+00, 0.39108988E+00
   80.000, 0.33709496E+03, 0.33727683E+03, 0.39127702E+00, 0.39148811E+00
   90.000, 0.33740704E+03, 0.33760183E+03, 0.39163926E+00, 0.39186536E+00
  100.000, 0.33770431E+03, 0.33791141E+03, 0.39198431E+00, 0.39222470E+00
  110.000, 0.33798874E+03, 0.33820762E+03, 0.39231446E+00, 0.39256852E+00
  120.000, 0.33826192E+03, 0.33849211E+03, 0.39263154E+00, 0.39289874E+00
  130.000, 0.33852512E+03, 0.33876621E+03, 0.39293704E+00, 0.39321689E+00
  140.000, 0.33877938E+03, 0.33903101E+03, 0.39323218E+00, 0.39352425E+00
  150.000, 0.33902561E+03, 0.33928743E+03, 0.39351798E+00, 0.39382188E+00
  160.000, 0.33926452E+03, 0.33953624E+03, 0.39379530E+00, 0.39411069E+00
  170.000, 0.33945807E+03, 0.33977811E+03, 0.39401996E+00, 0.39439144E+00
  180.000, 0.33964653E+03, 0.34001361E+03, 0.39423870E+00, 0.39466479E+00
  190.000, 0.33983027E+03, 0.34024323E+03, 0.39445198E+00, 0.39493132E+00
  200.000, 0.34000967E+03, 0.34046742E+03, 0.39466022E+00, 0.39519154E+00
  210.000, 0.34018502E+03, 0.34068655E+03, 0.39486375E+00, 0.39544589E+00
  220.000, 0.34035660E+03, 0.34090097E+03, 0.39506290E+00, 0.39569477E+00
  230.000, 0.34052464E+03, 0.34111098E+03, 0.39525796E+00, 0.39593854E+00
  240.000, 0.34068938E+03, 0.34131685E+03, 0.39544917E+00, 0.39617750E+00
  250.000, 0.34085099E+03, 0.34151884E+03, 0.39563676E+00, 0.39641196E+00
  260.000, 0.34100967E+03, 0.34171716E+03, 0.39582094E+00, 0.39664215E+00
  270.000, 0.34116556E+03, 0.34191201E+03, 0.39600189E+00, 0.39686832E+00
  280.000, 0.34131882E+03, 0.34210358E+03, 0.39617978E+00, 0.39709069E+00
  290.000, 0.34146957E+03, 0.34229204E+03, 0.39635476E+00, 0.39730944E+00
  300.000, 0.34161794E+03, 0.34247754E+03, 0.39652698E+00, 0.39752475E+00
  310.000, 0.34176403E+03, 0.34266022E+03, 0.39669656E+00, 0.39773679E+00
  320.000, 0.34190795E+03, 0.34284021E+03, 0.39686361E+00, 0.39794571E+00
  330.000, 0.34204979E+03, 0.34301763E+03, 0.39702825E+00, 0.39815165E+00
  340.000, 0.34218963E+03, 0.34319259E+03, 0.39719056E+00, 0.39835473E+00
  350.000, 0.34232755E+03, 0.34336519E+03, 0.39735065E+00, 0.39855507E+00
  360.000, 0.34246361E+03, 0.34353552E+03, 0.39750859E+00, 0.39875278E+00
  370.000, 0.34259789E+03, 0.34370367E+03, 0.39766445E+00, 0.39894796E+00
  380.000, 0.34273044E+03, 0.34386972E+03, 0.39781830E+00, 0.39914070E+00
  390.000, 0.34286132E+03, 0.34403374E+03, 0.39797021E+00, 0.39933108E+00
  400.000, 0.34299056E+03, 0.34419578E+03, 0.39812023E+00, 0.39951917E+00
  410.000, 0.34311822E+03, 0.34435593E+03, 0.39826840E+00, 0.39970505E+00
  420.000, 0.34324432E+03, 0.34451422E+03, 0.39841478E+00, 0.39988879E+00
  430.000, 0.34336892E+03, 0.34467070E+03, 0.39855940E+00, 0.40007042E+00
  440.000, 0.34349203E+03, 0.34482542E+03, 0.39870230E+00, 0.40025001E+00
  450.000, 0.34361369E+03, 0.34497842E+03, 0.39884351E+00, 0.40042760E+00
  460.000, 0.34373391E+03, 0.34512972E+03, 0.39898305E+00, 0.40060322E+00
  470.000, 0.34385271E+03, 0.34527937E+03, 0.39912096E+00, 0.40077692E+00
  480.000, 0.34397012E+03, 0.34542737E+03, 0.39925723E+00, 0.40094871E+00
  490.000, 0.34408614E+03, 0.34557376E+03, 0.39939190E+00, 0.40111863E+00
  500.000, 0.34420078E+03, 0.34571854E+03, 0.39952497E+00, 0.40128669E+00
  510.000, 0.34431406E+03, 0.34586173E+03, 0.39965645E+00, 0.40145289E+00
  520.000, 0.34442597E+03, 0.34600334E+03, 0.39978635E+00, 0.40161726E+00
  530.000, 0.34453652E+03, 0.34614338E+03, 0.39991467E+00, 0.40177980E+00
  540.000, 0.34464570E+03, 0.34628183E+03, 0.40004141E+00, 0.40194051E+00
  550.000, 0.34475352E+03, 0.34641871E+03, 0.40016656E+00, 0.40209939E+00
  560.000, 0.34485997E+03, 0.34655400E+03, 0.40029012E+00, 0.40225643E+00
  570.000, 0.34496505E+03, 0.34668770E+03, 0.40041208E+00, 0.40241162E+00
  580.000, 0.34506873E+03, 0.34681979E+03, 0.40053243E+00, 0.40256495E+00
  590.000, 0.34517102E+03, 0.34695028E+03, 0.40065116E+00, 0.40271640E+00
  600.000, 0.34527190E+03, 0.34707913E+03, 0.40076826E+00, 0.40286596E+00
  610.000, 0.34537136E+03, 0.34720633E+03, 0.40088371E+00, 0.40301361E+00
  620.000, 0.34546938E+03, 0.34733186E+03, 0.40099748E+00, 0.40315932E+00
  630.000, 0.34546222E+03, 0.34745571E+03, 0.40098916E+00, 0.40330307E+00
  640.000, 0.34545456E+03, 0.34757784E+03, 0.40098027E+00, 0.40344483E+00
  650.000, 0.34544639E+03, 0.34769824E+03, 0.40097079E+00, 0.40358458E+00
  660.000, 0.34543769E+03, 0.34781687E+03, 0.40096069E+00, 0.40372228E+00
  670.000, 0.34542844E+03, 0.34793371E+03, 0.40094995E+00, 0.40385791E+00
  680.000, 0.34541861E+03, 0.34804874E+03, 0.40093854E+00, 0.40399142E+00
  690.000, 0.34540819E+03, 0.34816192E+03, 0.40092645E+00, 0.40412280E+00
  700.000, 0.34539715E+03, 0.34827323E+03, 0.40091363E+00, 0.40425199E+00
  710.000, 0.34538547E+03, 0.34838263E+03, 0.40090008E+00, 0.40437898E+00
  720.000, 0.34537313E+03, 0.34849009E+03, 0.40088576E+00, 0.40450371E+00
  730.000, 0.34536011E+03, 0.34859559E+03, 0.40087065E+00, 0.40462617E+00
  740.000, 0.34534639E+03, 0.34869909E+03, 0.40085472E+00, 0.40474630E+00
  750.000, 0.34533194E+03, 0.34880056E+03, 0.40083794E+00, 0.40486408E+00
  760.000, 0.34531674E+03, 0.34889997E+03, 0.40082031E+00, 0.40497947E+00
  770.000, 0.34530078E+03, 0.34899729E+03, 0.40080177E+00, 0.40509243E+00
  780.000, 0.34528402E+03, 0.34909249E+03, 0.40078233E+00, 0.40520293E+00
  790.000, 0.34526646E+03, 0.34918553E+03, 0.40076194E+00, 0.40531093E+00
  800.000, 0.34524806E+03, 0.34927639E+03, 0.40074058E+00, 0.40541639E+00
  810.000, 0.34522881E+03, 0.34936503E+03, 0.40071824E+00, 0.40551929E+00
  820.000, 0.34520869E+03, 0.34945144E+03, 0.40069488E+00, 0.40561958E+00
  830.000, 0.34518767E+03, 0.34953557E+03, 0.40067049E+00, 0.40571723E+00
  840.000, 0.34516574E+03, 0.34961740E+03, 0.40064503E+00, 0.40581221E+00
  850.000, 0.34514287E+03, 0.34969690E+03, 0.40061849E+00, 0.40590449E+00
  860.000, 0.34511905E+03, 0.34977404E+03, 0.40059084E+00, 0.40599404E+00
  870.000, 0.34509426E+03, 0.34984881E+03, 0.40056206E+00, 0.40608082E+00
  880.000, 0.34506847E+03, 0.34992117E+03, 0.40053213E+00, 0.40616481E+00
  890.000, 0.34504168E+03, 0.34999110E+03, 0.40050103E+00, 0.40624598E+00
  900.000, 0.34501385E+03, 0.35005857E+03, 0.40046873E+00, 0.40632429E+00
  910.000, 0.34498498E+03, 0.35012356E+03, 0.40043521E+00, 0.40639974E+00
  920.000, 0.34495504E+03, 0.35018606E+03, 0.40040046E+00, 0.40647228E+00
  930.000, 0.34492401E+03, 0.35024603E+03, 0.40036445E+00, 0.40654189E+00
  940.000, 0.34489189E+03, 0.35030346E+03, 0.40032717E+00, 0.40660855E+00
  950.000, 0.34485865E+03, 0.35035833E+03, 0.40028858E+00, 0.40667224E+00
  960.000, 0.34482427E+03, 0.35041063E+03, 0.40024868E+00, 0.40673294E+00
  970.000, 0.34478875E+03, 0.35046033E+03, 0.40020745E+00, 0.40679063E+00
  980.000, 0.34475206E+03, 0.35050741E+03, 0.40016486E+00, 0.40684528E+00
  990.000, 0.34471419E+03, 0.35055187E+03, 0.40012090E+00, 0.40689689E+00
 1000.000, 0.34467513E+03, 0.35059369E+03, 0.40007556E+00, 0.40694543E+00
 1010.000, 0.34463485E+03, 0.35063286E+03, 0.40002881E+00, 0.40699089E+00
 1020.000, 0.34459335E+03, 0.35066935E+03, 0.39998065E+00, 0.40703325E+00
 1030.000, 0.34455062E+03, 0.35070317E+03, 0.39993104E+00, 0.40707251E+00
 1040.000, 0.34450663E+03, 0.35073430E+03, 0.39987999E+00, 0.40710864E+00
 1050.000, 0.34446139E+03, 0.35076274E+03, 0.39982746E+00, 0.40714165E+00
 1060.000, 0.34441486E+03, 0.35078847E+03, 0.39977346E+00, 0.40717151E+00
 1070.000, 0.34436705E+03, 0.35081148E+03, 0.39971797E+00, 0.40719822E+00
 1080.000, 0.34431794E+03, 0.35083177E+03, 0.39966096E+00, 0.40722178E+00
 1090.000, 0.34426752E+03, 0.35084934E+03, 0.39960244E+00, 0.40724217E+00
 1100.000, 0.34421578E+03, 0.35086418E+03, 0.39954238E+00, 0.40725939E+00
 1110.000, 0.34416271E+03, 0.35087628E+03, 0.39948078E+00, 0.40727344E+00
 1120.000, 0.34410830E+03, 0.35088565E+03, 0.39941763E+00, 0.40728431E+00
 1130.000, 0.34405254E+03, 0.35089227E+03, 0.39935290E+00, 0.40729200E+00
 1140.000, 0.34399542E+03, 0.35089616E+03, 0.39928660E+00, 0.40729651E+00
 1150.000, 0.34393693E+03, 0.35089730E+03, 0.39921871E+00, 0.40729784E+00
 1160.000, 0.34387707E+03, 0.35089570E+03, 0.39914923E+00, 0.40729599E+00
 1170.000, 0.34381582E+03, 0.35089137E+03, 0.39907814E+00, 0.40729095E+00
 1180.000, 0.34375319E+03, 0.35088429E+03, 0.39900543E+00, 0.40728274E+00
 1190.000, 0.34368915E+03, 0.35087448E+03, 0.39893111E+00, 0.40727135E+00
 1200.000, 0.34362371E+03, 0.35086194E+03, 0.39885515E+00, 0.40725679E+00
 1210.000, 0.34355687E+03, 0.35084667E+03, 0.39877756E+00, 0.40723907E+00
 1220.000, 0.34348860E+03, 0.35082868E+03, 0.39869832E+00, 0.40721818E+00
 1230.000, 0.34341892E+03, 0.35080796E+03, 0.39861744E+00, 0.40719414E+00
 1240.000, 0.34334781E+03, 0.35078454E+03, 0.39853490E+00, 0.40716695E+00
 1250.000, 0.34327526E+03, 0.35075841E+03, 0.39845069E+00, 0.40713662E+00
 1260.000, 0.34320129E+03, 0.35072958E+03, 0.39836483E+00, 0.40710316E+00
 1270.000, 0.34312587E+03, 0.35069807E+03, 0.39827729E+00, 0.40706658E+00
 1280.000, 0.34304901E+03, 0.35066387E+03, 0.39818808E+00, 0.40702688E+00
 1290.000, 0.34297071E+03, 0.35062699E+03, 0.39809719E+00, 0.40698409E+00
 1300.000, 0.34289095E+03, 0.35058746E+03, 0.39800461E+00, 0.40693820E+00
 1310.000, 0.34280975E+03, 0.35054527E+03, 0.39791036E+00, 0.40688923E+00
 1320.000, 0.34272709E+03, 0.35050044E+03, 0.39781442E+00, 0.40683719E+00
 1330.000, 0.34264298E+03, 0.35045297E+03, 0.39771679E+00, 0.40678210E+00
 1340.000, 0.34255742E+03, 0.35040289E+03, 0.39761747E+00, 0.40672396E+00
 1350.000, 0.34247039E+03, 0.35035020E+03, 0.39751645E+00, 0.40666280E+00
 1360.000, 0.34238191E+03, 0.35029491E+03, 0.39741375E+00, 0.40659862E+00
 1370.000, 0.34229197E+03, 0.35023704E+03, 0.39730935E+00, 0.40653145E+00
 1380.000, 0.34220057E+03, 0.35017660E+03, 0.39720326E+00, 0.40646129E+00
 1390.000, 0.34210771E+03, 0.35011360E+03, 0.39709548E+00, 0.40638817E+00
 1400.000, 0.34201339E+03, 0.35004805E+03, 0.39698600E+00, 0.40631209E+00
 1410.000, 0.34191762E+03, 0.34997998E+03, 0.39687483E+00, 0.40623308E+00
 1420.000, 0.34182039E+03, 0.34990940E+03, 0.39676197E+00, 0.40615115E+00
 1430.000, 0.34172170E+03, 0.34983631E+03, 0.39664742E+00, 0.40606631E+00
 1440.000, 0.34162156E+03, 0.34976074E+03, 0.39653118E+00, 0.40597860E+00
 1450.000, 0.34151996E+03, 0.34968270E+03, 0.39641326E+00, 0.40588801E+00
 1460.000, 0.34141692E+03, 0.34960221E+03, 0.39629365E+00, 0.40579458E+00
 1470.000, 0.34131243E+03, 0.34951928E+03, 0.39617237E+00, 0.40569833E+00
 1480.000, 0.34120649E+03, 0.34943393E+03, 0.39604940E+00, 0.40559925E+00
 1490.000, 0.34109911E+03, 0.34934617E+03, 0.39592476E+00, 0.40549739E+00
 1500.000, 0.34099029E+03, 0.34925603E+03, 0.39579845E+00, 0.40539276E+00
 1510.000, 0.34088004E+03, 0.34916351E+03, 0.39567048E+00, 0.40528537E+00
 1520.000, 0.34076835E+03, 0.34906864E+03, 0.39554083E+00, 0.40517525E+00
 1530.000, 0.34065523E+03, 0.34897143E+03, 0.39540953E+00, 0.40506242E+00
 1540.000, 0.34054068E+03, 0.34887190E+03, 0.39527658E+00, 0.40494689E+00
 1550.000, 0.34042472E+03, 0.34877007E+03, 0.39514197E+00, 0.40482869E+00
 1560.000, 0.34030733E+03, 0.34866595E+03, 0.39500572E+00, 0.40470784E+00
 1570.000, 0.34018854E+03, 0.34855957E+03, 0.39486783E+00, 0.40458436E+00
 1580.000, 0.34006833E+03, 0.34845094E+03, 0.39472831E+00, 0.40445826E+00
 1590.000, 0.33994672E+03, 0.34834007E+03, 0.39458715E+00, 0.40432958E+00
 1600.000, 0.33982372E+03, 0.34822699E+03, 0.39444437E+00, 0.40419833E+00
 1610.000, 0.33969932E+03, 0.34811172E+03, 0.39429998E+00, 0.40406453E+00
 1620.000, 0.33957353E+03, 0.34799427E+03, 0.39415397E+00, 0.40392820E+00
 1630.000, 0.33944636E+03, 0.34787466E+03, 0.39400636E+00, 0.40378936E+00
 1640.000, 0.33931781E+03, 0.34775291E+03, 0.39385715E+00, 0.40364805E+00
 1650.000, 0.33918789E+03, 0.34762904E+03, 0.39370635E+00, 0.40350426E+00
 1660.000, 0.33905661E+03, 0.34750307E+03, 0.39355396E+00, 0.40335804E+00
 1670.000, 0.33892396E+03, 0.34737501E+03, 0.39340000E+00, 0.40320940E+00
 1680.000, 0.33878997E+03, 0.34724489E+03, 0.39324446E+00, 0.40305836E+00
 1690.000, 0.33865462E+03, 0.34711271E+03, 0.39308737E+00, 0.40290495E+00
 1700.000, 0.33851794E+03, 0.34697851E+03, 0.39292871E+00, 0.40274918E+00
 1710.000, 0.33837992E+03, 0.34684230E+03, 0.39276851E+00, 0.40259107E+00
 1720.000, 0.33824058E+03, 0.34670410E+03, 0.39260677E+00, 0.40243066E+00
 1730.000, 0.33809991E+03, 0.34656393E+03, 0.39244350E+00, 0.40226795E+00
 1740.000, 0.33795793E+03, 0.34642180E+03, 0.39227870E+00, 0.40210298E+00
 1750.000, 0.33781465E+03, 0.34627774E+03, 0.39211238E+00, 0.40193576E+00
 1760.000, 0.33767007E+03, 0.34613176E+03, 0.39194456E+00, 0.40176632E+00
 1770.000, 0.33752419E+03, 0.34598388E+03, 0.39177524E+00, 0.40159467E+00
 1780.000, 0.33737703E+03, 0.34583412E+03, 0.39160443E+00, 0.40142084E+00
 1790.000, 0.33722859E+03, 0.34568250E+03, 0.39143213E+00, 0.40124485E+00
 1800.000, 0.33707889E+03, 0.34552904E+03, 0.39125836E+00, 0.40106673E+00
 1810.000, 0.33692792E+03, 0.34537376E+03, 0.39108313E+00, 0.40088648E+00
 1820.000, 0.33677570E+03, 0.34521667E+03, 0.39090644E+00, 0.40070415E+00
 1830.000, 0.33662223E+03, 0.34505779E+03, 0.39072830E+00, 0.40051973E+00
 1840.000, 0.33646752E+03, 0.34489715E+03, 0.39054872E+00, 0.40033327E+00
 1850.000, 0.33631157E+03, 0.34473475E+03, 0.39036772E+00, 0.40014477E+00
 1860.000, 0.33615441E+03, 0.34457063E+03, 0.39018529E+00, 0.39995426E+00
 1870.000, 0.33599603E+03, 0.34440478E+03, 0.39000145E+00, 0.39976177E+00
 1880.000, 0.33583644E+03, 0.34423725E+03, 0.38981622E+00, 0.39956730E+00
 1890.000, 0.33567566E+03, 0.34406803E+03, 0.38962959E+00, 0.39937089E+00
 1900.000, 0.33551368E+03, 0.34389716E+03, 0.38944157E+00, 0.39917255E+00
 1910.000, 0.33535052E+03, 0.34372465E+03, 0.38925219E+00, 0.39897231E+00
 1920.000, 0.33518619E+03, 0.34355051E+03, 0.38906144E+00, 0.39877018E+00
 1930.000, 0.33502068E+03, 0.34337476E+03, 0.38886934E+00, 0.39856618E+00
 1940.000, 0.33485402E+03, 0.34319743E+03, 0.38867589E+00, 0.39836035E+00
 1950.000, 0.33468621E+03, 0.34301852E+03, 0.38848111E+00, 0.39815269E+00
 1960.000, 0.33451726E+03, 0.34283806E+03, 0.38828500E+00, 0.39794322E+00
 1970.000, 0.33434718E+03, 0.34265607E+03, 0.38808758E+00, 0.39773198E+00
 1980.000, 0.33417597E+03, 0.34247256E+03, 0.38788885E+00, 0.39751897E+00
 1990.000, 0.33400364E+03, 0.34228754E+03, 0.38768883E+00, 0.39730421E+00
 2000.000, 0.33383021E+03, 0.34210104E+03, 0.38748752E+00, 0.39708774E+00
 2010.000, 0.33365568E+03, 0.34191308E+03, 0.38728493E+00, 0.39686956E+00
 2020.000, 0.33348006E+03, 0.34172366E+03, 0.38708108E+00, 0.39664970E+00
 2030.000, 0.33330335E+03, 0.34153281E+03, 0.38687597E+00, 0.39642817E+00
 2040.000, 0.33312557E+03, 0.34134054E+03, 0.38666962E+00, 0.39620500E+00
 2050.000, 0.33294673E+03, 0.34114687E+03, 0.38646203E+00, 0.39598020E+00
 2060.000, 0.33276683E+03, 0.34095182E+03, 0.38625321E+00, 0.39575379E+00
 2070.000, 0.33258588E+03, 0.34075540E+03, 0.38604318E+00, 0.39552580E+00
 2080.000, 0.33240389E+03, 0.34055762E+03, 0.38583194E+00, 0.39529624E+00
 2090.000, 0.33222087E+03, 0.34035852E+03, 0.38561950E+00, 0.39506513E+00
 2100.000, 0.33203682E+03, 0.34015809E+03, 0.38540588E+00, 0.39483249E+00
 2110.000, 0.33185177E+03, 0.33995636E+03, 0.38519107E+00, 0.39459834E+00
 2120.000, 0.33166571E+03, 0.33975334E+03, 0.38497511E+00, 0.39436269E+00
 2130.000, 0.33147865E+03, 0.33954905E+03, 0.38475798E+00, 0.39412556E+00
 2140.000, 0.33129060E+03, 0.33934351E+03, 0.38453971E+00, 0.39388698E+00
 2150.000, 0.33110158E+03, 0.33913672E+03, 0.38432030E+00, 0.39364696E+00
 2160.000, 0.33091158E+03, 0.33892871E+03, 0.38409977E+00, 0.39340551E+00
 2170.000, 0.33072062E+03, 0.33871949E+03, 0.38387812E+00, 0.39316266E+00
 2180.000, 0.33052871E+03, 0.33850907E+03, 0.38365536E+00, 0.39291842E+00
 2190.000, 0.33033585E+03, 0.33829748E+03, 0.38343150E+00, 0.39267282E+00
 2200.000, 0.33014206E+03, 0.33808472E+03, 0.38320656E+00, 0.39242586E+00
 2210.000, 0.32994733E+03, 0.33787081E+03, 0.38298053E+00, 0.39217757E+00
 2220.000, 0.32975169E+03, 0.33765576E+03, 0.38275344E+00, 0.39192795E+00
 2230.000, 0.32955513E+03, 0.33743959E+03, 0.38252530E+00, 0.39167704E+00
 2240.000, 0.32935767E+03, 0.33722232E+03, 0.38229610E+00, 0.39142484E+00
 2250.000, 0.32915932E+03, 0.33700395E+03, 0.38206586E+00, 0.39117138E+00
 2260.000, 0.32896008E+03, 0.33678450E+03, 0.38183460E+00, 0.39091666E+00
 2270.000, 0.32875997E+03, 0.33656400E+03, 0.38160232E+00, 0.39066071E+00
 2280.000, 0.32855898E+03, 0.33634244E+03, 0.38136903E+00, 0.39040354E+00
 2290.000, 0.32835713E+03, 0.33611984E+03, 0.38113474E+00, 0.39014516E+00
 2300.000, 0.32815443E+03, 0.33589622E+03, 0.38089945E+00, 0.38988560E+00
 2310.000, 0.32795088E+03, 0.33567160E+03, 0.38066319E+00, 0.38962487E+00
 2320.000, 0.32774650E+03, 0.33544598E+03, 0.38042596E+00, 0.38936299E+00
 2330.000, 0.32754129E+03, 0.33521937E+03, 0.38018776E+00, 0.38909996E+00
 2340.000, 0.32733526E+03, 0.33499180E+03, 0.37994862E+00, 0.38883581E+00
 2350.000, 0.32712842E+03, 0.33476327E+03, 0.37970853E+00, 0.38857055E+00
 2360.000, 0.32692077E+03, 0.33453380E+03, 0.37946751E+00, 0.38830420E+00
 2370.000, 0.32671233E+03, 0.33430340E+03, 0.37922556E+00, 0.38803676E+00
 2380.000, 0.32650310E+03, 0.33407208E+03, 0.37898270E+00, 0.38776827E+00
 2390.000, 0.32629309E+03, 0.33383986E+03, 0.37873894E+00, 0.38749872E+00
 2400.000, 0.32608231E+03, 0.33360675E+03, 0.37849428E+00, 0.38722814E+00
 2410.000, 0.32587077E+03, 0.33337276E+03, 0.37824873E+00, 0.38695653E+00
 2420.000, 0.32565847E+03, 0.33313790E+03, 0.37800231E+00, 0.38668393E+00
 2430.000, 0.32544542E+03, 0.33290218E+03, 0.37775502E+00, 0.38641033E+00
 2440.000, 0.32523163E+03, 0.33266563E+03, 0.37750687E+00, 0.38613575E+00
 2450.000, 0.32501711E+03, 0.33242824E+03, 0.37725787E+00, 0.38586020E+00
 2460.000, 0.32480187E+03, 0.33219004E+03, 0.37700803E+00, 0.38558371E+00
 2470.000, 0.32458591E+03, 0.33195102E+03, 0.37675735E+00, 0.38530628E+00
 2480.000, 0.32436924E+03, 0.33171122E+03, 0.37650586E+00, 0.38502793E+00
 2490.000, 0.32415187E+03, 0.33147062E+03, 0.37625355E+00, 0.38474867E+00
 2500.000, 0.32393380E+03, 0.33122926E+03, 0.37600043E+00, 0.38446851E+00
 2510.000, 0.32371505E+03, 0.33098714E+03, 0.37574652E+00, 0.38418747E+00
 2520.000, 0.32349562E+03, 0.33074426E+03, 0.37549182E+00, 0.38390556E+00
 2530.000, 0.32327552E+03, 0.33050065E+03, 0.37523635E+00, 0.38362279E+00
 2540.000, 0.32305476E+03, 0.33025631E+03, 0.37498010E+00, 0.38333917E+00
 2550.000, 0.32283334E+03, 0.33001125E+03, 0.37472309E+00, 0.38305473E+00
 2560.000, 0.32261127E+03, 0.32976549E+03, 0.37446533E+00, 0.38276946E+00
 2570.000, 0.32238856E+03, 0.32951903E+03, 0.37420682E+00, 0.38248339E+00
 2580.000, 0.32216521E+03, 0.32927189E+03, 0.37394758E+00, 0.38219653E+00
 2590.000, 0.32194124E+03, 0.32902407E+03, 0.37368761E+00, 0.38190888E+00
 2600.000, 0.32171665E+03, 0.32877559E+03, 0.37342692E+00, 0.38162046E+00
 2610.000, 0.32149145E+03, 0.32852646E+03, 0.37316552E+00, 0.38133128E+00
 2620.000, 0.32126564E+03, 0.32827668E+03, 0.37290341E+00, 0.38104136E+00
 2630.000, 0.32103923E+03, 0.32802627E+03, 0.37264061E+00, 0.38075070E+00
 2640.000, 0.32081223E+03, 0.32777524E+03, 0.37237713E+00, 0.38045932E+00
 2650.000, 0.32058465E+03, 0.32752359E+03, 0.37211297E+00, 0.38016722E+00
 2660.000, 0.32035649E+03, 0.32727134E+03, 0.37184814E+00, 0.37987443E+00
 2670.000, 0.32012776E+03, 0.32701850E+03, 0.37158264E+00, 0.37958094E+00
 2680.000, 0.31989847E+03, 0.32676507E+03, 0.37131649E+00, 0.37928678E+00
 2690.000, 0.31966862E+03, 0.32651107E+03, 0.37104970E+00, 0.37899195E+00
 2700.000, 0.31943822E+03, 0.32625650E+03, 0.37078227E+00, 0.37869646E+00
 2710.000, 0.31920728E+03, 0.32600137E+03, 0.37051421E+00, 0.37840033E+00
 2720.000, 0.31897580E+03, 0.32574570E+03, 0.37024552E+00, 0.37810356E+00
 2730.000, 0.31874379E+03, 0.32548949E+03, 0.36997622E+00, 0.37780617E+00
 2740.000, 0.31851126E+03, 0.32523275E+03, 0.36970632E+00, 0.37750817E+00
 2750.000, 0.31827821E+03, 0.32497549E+03, 0.36943581E+00, 0.37720956E+00
 2760.000, 0.31804466E+03, 0.32471772E+03, 0.36916471E+00, 0.37691035E+00
 2770.000, 0.31781059E+03, 0.32445945E+03, 0.36889303E+00, 0.37661057E+00
 2780.000, 0.31757604E+03, 0.32420068E+03, 0.36862077E+00, 0.37631021E+00
 2790.000, 0.31734099E+03, 0.32394143E+03, 0.36834794E+00, 0.37600929E+00
 2800.000, 0.31710545E+03, 0.32368170E+03, 0.36807455E+00, 0.37570781E+00
 2810.000, 0.31686944E+03, 0.32342150E+03, 0.36780060E+00, 0.37540579E+00
 2820.000, 0.31663296E+03, 0.32316084E+03, 0.36752611E+00, 0.37510323E+00
 2830.000, 0.31639601E+03, 0.32289973E+03, 0.36725108E+00, 0.37480016E+00
 2840.000, 0.31615860E+03, 0.32263818E+03, 0.36697551E+00, 0.37449656E+00
 2850.000, 0.31592074E+03, 0.32237619E+03, 0.36669942E+00, 0.37419246E+00
 2860.000, 0.31568243E+03, 0.32211377E+03, 0.36642280E+00, 0.37388786E+00
 2870.000, 0.31544368E+03, 0.32185093E+03, 0.36614568E+00, 0.37358278E+00
 2880.000, 0.31520450E+03, 0.32158768E+03, 0.36586805E+00, 0.37327722E+00
 2890.000, 0.31496489E+03, 0.32132403E+03, 0.36558992E+00, 0.37297118E+00
